1024
3220
8546
9407
4983
211
1374
4946
7640
8034
6705
6510
5335
140
2726
8195
4971
1709
6559
6204
186
9475
7121
3759
1272
4792
9307
8085
8075
1343
225
662
6212
2239
2217
7270
893
2265
4649
826
1045
8198
2681
170
1826
8889
5663
7417
9583
8903
2280
7831
5542
8174
596
7342
2707
6621
3141
6544
4564
2802
8166
838
8165
1560
3969
8144
2288
1105
2571
4284
6473
4316
6898
8941
1978
3044
2559
3020
5253
6897
3284
7864
7109
8292
416
986
1916
8171
5208
6029
4769
5470
7440
6119
5041
3659
8385
7906
7935
6539
6178
389
9972
9349
4903
7022
8966
6773
4183
4297
7698
2032
8732
9465
622
5978
8713
6027
7263
284
7213
8623
3935
609
9426
7699
1979
8460
5662
9554
876
6811
3930
9788
5207
4704
6378
5538
8487
3384
6562
7917
6767
9575
2066
4615
2001
1742
8969
2258
8891
6477
4824
7904
2860
6497
3875
5337
9567
338
4656
9927
5109
3874
1046
9415
4253
4358
2816
1901
9141
8180
1923
5002
6
4151
1979
2728
3902
9306
6529
3059
1786
9936
2524
2877
2289
3846
6065
1666
3711
7437
5280
117
5094
686
219
7221
4528
2771
3952
5960
6020
8088
4449
9524
2846
3156
2629
7892
3843
6568
607
3551
9391
8250
6909
691
8333
6451
5654
5292
3607
6949
5456
4811
1733
1827
9763
4887
5248
2685
4499
4752
9688
5623
8915
490
8236
2671
78
7032
4203
767
9669
6778
7318
6305
1282
5441
395
1580
4356
6075
6191
8540
9330
6839
2328
7144
4648
2901
5498
1670
9854
4786
687
9294
8750
1750
8133
7302
1769
524
4289
7897
6727
2420
2321
6884
5400
1743
2767
2425
6888
2879
2100
561
2127
6426
5970
8499
6336
6658
9810
5362
3986
297
81
9774
1955
7506
6708
1213
7975
8906
2781
678
5532
2315
5178
3298
1078
7649
8759
8253
2427
6626
8776
3198
7852
4492
9026
5824
7243
5976
9118
4257
2040
882
7073
2636
9896
1018
1835
9928
2947
8994
54
9060
7183
1181
4789
9185
6982
2912
1061
150
2291
7864
7715
6834
9637
6864
7386
765
1446
5103
8863
7243
7690
6018
4955
8756
840
3017
8405
9375
2938
5335
7328
7043
4756
6633
3585
6893
3800
6103
83
6451
4956
300
3212
896
7743
216
4121
8238
7375
8609
4258
7507
6859
5661
1398
1964
846
5845
9691
6734
5439
1588
8168
2646
457
8750
292
4009
6695
677
1234
1974
8453
674
8337
8892
776
6892
8537
7430
9978
9692
6889
6934
616
2034
3552
9544
3104
381
7732
2724
9548
6974
975
4464
9169
4055
8796
9575
980
2026
6569
1791
2859
7498
9550
9478
7289
2460
5272
6380
9783
2132
8603
3446
7145
2372
2566
849
8844
4302
9912
9751
9948
3278
2185
9670
3287
9147
9229
9694
7826
7690
5328
5805
3807
7538
7876
3431
7860
2450
5690
5939
9289
2334
4965
209
6506
9976
1901
4845
6378
1833
9231
8859
6428
7359
7023
9201
1211
310
1943
974
4569
7213
7844
5155
732
3653
2716
701
7220
1161
445
1590
3482
6601
2116
4683
1361
5797
2892
9186
393
1801
2173
5109
80
8029
2489
945
7529
7649
1935
7457
9385
7216
9712
2068
1282
5758
8042
7621
8309
3241
9846
6404
9425
816
1169
5142
5592
6251
7678
6545
8911
9974
2474
5087
2448
1052
9847
6738
9049
2460
499
1582
7942
7993
4403
910
568
6501
1191
1930
6721
9849
1292
6082
9484
5028
4143
5299
4458
6413
6479
2423
967
234
959
9768
5503
7394
6748
2958
5552
3122
8056
2491
5295
79
2504
4885
6145
2740
2236
3931
8227
6091
4892
8775
590
4358
3135
6095
7068
345
3347
7399
7027
9588
5203
8742
195
7202
2365
5085
4568
1846
8062
3809
7749
2528
5089
6247
4154
4836
4653
2387
4164
1049
5224
7293
2980
7564
6276
4389
8320
2412
6757
8050
5475
304
5942
644
7968
553
6202
8679
7056
9809
5257
2456
2740
868
6630
8206
356
2843
2772
2223
9941
4381
7138
9726
783
2155
7863
1263
2933
4760
6623
2944
2841
7790
2841
5170
5106
9692
9387
6077
663
7793
1711
8499
4281
7776
9212
3625
7494
9471
2153
1923
2219
9682
6163
6172
3849
6344
3568
2624
4214
2981
2614
2706
7713
5021
871
163
2488
1551
7429
4644
2861
1111
7664
885
7425
2798
5344
9892
2795
250
1828
1796
7928
1154
5781
2264
4412
5344
439
978
8779
7545
958
3764
8539
3335
7913
1753
7540
3711
1582
4677
2457
9159
4147
1569
2945
5296
2838
6050
3368
7613
1512
2873
1320
5862
2835
2873
6876
8023
1705
729
7895
5313
3318
7468
1938
3480
8081
708
4734
5598
9526
3961
3792
849
586
1015
6210
8329
1208
8753
2872
7450
570
730
6197
6175
9873
526
3353
1094
2664
6625
3006
6109
1371
7125
7349
9684
8523
8032
3941
5134
1812
4800
7503
1072
1451
8079
5989
9235
681
7900
4306
2449
5203
186
3144
5523
6699
4389
8822
5271
9351
5889
8726
4647
957
2238
4414
505
433
4261
4486
8469
1616
5722
4302
9652
9239
6011
1905
2826
1574
498
4897
2988
3435
1302
7812
9035
3935
274
9049
9099
3057
5314
6582
5287
1025
6603
8305
4457
8005
1440
6806
4065
9579
5881
2436
2479
3510
7156
9794
1884
1997
4495
4051
8163
5049
1950
4586
171
8663
8607
9186
8400
3476
9315
954
8971
1508
141
739
5873
6126
4748
2359
916
6709
3362
2476
540
8740
1897
9733
6520
7456
1608
6672
4689
7454
65
4251
4560
8302
4987
5882
1476
9023
3376
4365
8750
4569
9108
5646
4716
6358
2345
3606
9476
783
2203
40
7412
4733
1069
4873
3669
7225
135
1815
5036
7205
7021
4521
9206
4312
9455
6886
7074
791
216
9980
2573
4713
2017
3482
7395
9100
5269
5377
4039
618
4350
7329
4514
6193
9782
9853
6552
1680
4670
4505
7103
1758
1229
9402
125
6611
6403
8369
5603
8884
9294
2577
5402
7715
8086
7058
2525
2508
9672
5241
2622
7783
230
1175
6011
409
8029
8073
1862
4850
9979
3249
4330
6716
