2048
7110
4643
7750
708
9430
4747
8896
1119
2959
2349
1049
1708
1520
8898
8970
3724
9320
5302
4175
2832
7512
4517
9095
5977
4599
9882
5662
6229
9234
273
7346
3531
4090
9310
6744
4594
8953
3778
4579
9952
3712
103
1104
6990
3818
2181
9072
1406
755
1606
697
8723
1945
5573
2582
6457
5969
6784
1161
3467
7109
8416
2632
3655
8190
3234
5820
59
6150
6141
952
1572
3238
2169
1436
8180
8346
6050
4388
5165
4158
9446
6718
6000
5443
3586
5070
1778
8953
310
8077
6094
8736
3186
8010
3982
3718
8787
5731
921
8015
8839
60
3898
7344
2695
7866
7163
1302
3552
4233
7422
3358
3583
5544
1214
493
2943
4063
3910
5920
4685
4258
1448
3893
8054
2677
9729
4220
2480
2045
6456
9982
8715
6162
5981
7721
465
9998
6834
4956
8225
9469
1500
952
2695
8962
6121
731
8145
5855
5184
8440
9050
5454
5153
5815
7676
2801
2624
7522
7958
3206
326
712
1940
5940
4601
7018
3016
7980
9624
9671
4238
5485
327
5196
584
2978
3342
744
286
3176
9246
7278
2183
8377
9692
9225
9680
7131
1095
989
8423
760
238
2915
5949
7704
9604
9389
6636
9998
2042
7598
2904
8988
1098
4266
6512
8804
5030
1992
6405
2793
6390
5039
8812
7772
4008
2361
1368
3581
4859
3304
2784
2126
4793
9338
3918
6798
4453
7440
5719
3101
3443
7550
4381
902
1588
7590
8963
9166
7426
2093
1830
939
9198
2102
5974
6009
5126
3745
8609
259
8319
2977
9024
5734
1074
6819
2820
5549
7781
9544
3486
9386
7441
483
7601
2998
5101
3708
4573
1644
1287
1486
4128
9968
1591
702
228
7705
5356
1919
393
3340
8293
4724
2264
9023
3792
1904
4754
8096
6907
3528
2832
9714
2692
8460
2788
9617
6067
6216
9278
449
782
7210
3752
3134
625
4148
4897
3620
4285
3973
1480
2938
7116
9188
3465
6148
6728
2824
5646
5685
1725
6309
2224
1340
7894
2892
5802
5078
8992
9701
1349
3495
4977
2274
6583
8115
1227
5606
7257
5417
8062
5539
4700
1571
2463
6388
3558
4108
5440
2597
8654
1394
8940
2066
4359
4868
5936
1497
8696
919
8827
3180
3326
7015
1535
9249
8504
4805
2936
4939
2143
2992
1449
9382
1673
946
5314
272
5567
6019
374
602
7963
2245
1082
4968
5029
9983
6825
6194
7029
486
1461
8404
378
3920
3646
9508
4923
6150
7261
7465
4752
7167
8891
180
3054
5695
5754
5515
8639
650
2282
9260
6277
9999
9384
150
1940
6895
4581
7733
284
911
2839
5908
5363
1943
5418
1812
9610
5015
4409
9396
1007
7251
2672
8047
942
4847
2189
1047
5604
3394
2082
2314
887
6237
4455
3776
3336
9846
4582
572
9153
4338
4862
1960
4567
7938
2748
7329
9749
4528
1263
1075
2113
8756
4047
7248
7565
5565
7397
6601
9692
346
4897
9151
9710
4935
2070
45
3051
6121
3474
7738
5458
7788
9362
7446
2095
6350
5601
32
9188
1075
4210
3574
7254
9498
1088
1327
1209
8947
7409
4675
7116
6614
9305
4314
5350
6426
4985
4912
3077
8224
2742
2719
518
8777
9618
9755
1690
1010
8750
8058
9444
6537
1500
5359
7593
8440
772
7504
6048
3299
1305
7736
3290
8108
2203
3577
5668
9443
5207
5057
6484
73
3080
8341
523
9625
1103
6456
1943
2135
5971
9146
2661
2754
1175
8665
5516
1542
4211
3588
2053
1643
2975
4789
198
5787
9061
4457
2937
2936
4159
1484
2258
8043
9516
9514
5730
3194
5948
7054
292
3850
676
4409
7488
8949
8689
9299
3780
8610
7046
4614
501
719
5889
7726
159
9098
2346
8215
1643
4721
7611
5452
5557
5279
4835
5113
6353
9548
7567
405
6354
7126
4901
2025
1280
1858
4835
2066
9770
5771
6107
4423
7408
765
8521
8282
4470
4073
1763
3229
2366
4541
3424
72
3063
3981
5286
9682
8914
8856
7568
8327
4090
2847
1784
2221
4514
8038
9987
2627
5259
7336
3002
3229
6748
437
7848
5506
142
2424
9367
2489
7877
4570
616
9856
9098
1147
943
8905
9615
5347
3510
8855
4337
5629
2481
8327
5844
4874
9784
6127
8340
8213
7648
3625
656
458
5006
6214
7876
4665
9385
5322
1378
1160
8435
836
9500
9253
9771
852
4210
2374
3246
6251
6441
2297
5799
1905
8357
5701
2506
2935
6916
1056
903
1244
9537
4783
2504
8174
9241
1192
9717
274
6626
4199
1928
4619
523
3696
5092
2369
285
2761
1678
541
5476
8367
8782
8688
2343
7292
5149
2038
2450
2508
8101
445
6537
8097
487
6405
921
568
9573
3640
3769
5909
3178
7874
4170
9794
8500
8201
7803
6667
7079
6485
3269
9821
6257
5032
7958
2150
1538
1599
9293
3050
1589
9987
7075
3461
5275
6251
663
4030
4656
9432
4976
9127
5553
5779
8639
758
5779
2173
3468
4188
2077
8009
6927
1305
1911
3493
4158
686
17
364
3346
3499
2562
8031
4356
4559
5369
2098
4693
5129
4436
1792
7797
4654
2298
8948
1290
4200
2663
1868
7574
4352
4591
2634
6385
8163
8951
4310
2255
4381
7368
9026
2962
230
4582
5186
7431
6043
4536
4001
3533
6551
6715
286
1422
1908
3582
442
1884
9889
7982
8418
1886
2709
1962
5973
8179
5812
1849
2562
7249
624
220
6597
4897
4054
4044
3690
6697
97
8141
4555
7823
3846
5879
8040
3856
2529
8805
6991
8357
5117
4157
4931
3927
9084
4435
9795
754
5069
7532
9745
4971
3272
3796
9492
3500
4546
4801
6136
9268
7883
2065
9484
9120
6971
5840
7203
472
1093
3870
4560
877
3679
6227
8429
8295
3904
8865
9848
4090
9220
6889
3941
6961
3175
5733
562
7748
6103
8466
6544
4078
3665
707
4377
712
2736
552
3591
8529
3251
3278
4593
1177
7058
5624
3210
4016
6578
1931
7699
7486
3430
390
3080
4091
1882
4764
4292
4888
9921
876
5630
6869
8346
2794
6179
5206
880
7880
1536
1877
9246
5686
2128
95
1497
9332
6903
9119
3364
6489
9912
6014
115
9737
990
6799
8914
3685
6151
4884
8945
6810
4656
4037
7643
990
352
8307
322
9282
4787
6979
4150
1056
6829
9335
1001
3050
8213
4714
5165
3602
1617
5506
5836
7103
504
3341
3216
5683
531
2799
8132
4755
6451
2527
4314
5008
9240
4282
3311
5042
9512
2078
3255
7792
3844
7659
6821
5569
8623
1317
9091
8163
5524
6554
5346
3389
3605
4507
263
6075
3495
3774
9103
8120
8580
441
6147
4263
7434
7634
3927
1070
9339
9551
9251
4989
6022
6193
6149
8462
6568
8161
4203
6802
150
8779
5949
548
2562
384
5650
7189
3541
7092
224
9340
9470
1635
3105
5080
8312
9534
4155
314
1890
5927
9413
6756
8843
3730
895
6959
7758
2937
7176
6510
508
7080
8944
170
9303
7808
125
9705
3043
309
9186
3927
3195
2037
6778
5102
2929
8769
7099
6629
2803
7502
5368
8660
658
8369
2041
5863
7187
9446
7851
8312
7661
2612
333
7874
4893
9769
5470
6092
5375
1457
9659
4262
8259
993
9291
9701
2959
9730
6587
670
6042
33
6133
5680
8116
5643
3882
8011
2741
3192
7194
1674
1079
2696
9895
1179
5213
3478
746
8035
8949
9682
1526
6786
1486
8010
6488
5643
7784
2205
1889
9391
9561
7581
1354
6087
3717
3314
6780
8019
1739
7436
2101
6645
6157
5091
4015
2936
313
9976
223
4359
8778
1436
6138
3082
816
9249
2707
7758
6833
2714
3246
917
7911
8088
3834
5681
791
6596
1690
8250
7795
5266
3672
1185
7223
3467
5904
4269
1276
6213
5213
3394
1206
5426
9672
1
6174
5645
5236
8528
9608
7960
8135
8287
5472
5198
6750
6509
7757
9588
5839
2861
8973
3811
7304
2423
6486
5515
6668
9752
228
4065
8000
1862
5429
2432
5499
4202
5800
4613
1945
6324
9584
6177
883
2091
4545
981
6174
6730
8059
6433
1250
982
2448
6277
9529
742
3136
1240
7709
5238
410
1078
6756
8522
127
8224
1504
1025
3099
5818
2190
4710
3916
4363
9873
7699
790
540
7570
8837
8866
2638
5514
4403
9820
6492
3974
5444
4120
1551
2185
3397
5426
7850
2871
6983
9215
6180
6153
8024
8504
6524
9417
7013
8929
4447
1524
1376
7912
1544
9672
9210
1241
872
9251
4011
6526
9170
8186
3203
6650
639
7284
4314
2255
1729
7704
6353
9331
9179
4782
2619
9951
1275
354
1638
5826
1567
8821
1602
9187
3943
8988
9216
182
1318
642
3263
4111
4298
945
5411
8407
4295
4924
9726
7532
3845
9251
3587
2162
9370
9708
8646
8014
8795
1255
8038
4229
6403
4561
2475
4888
1954
6989
1066
1290
3356
7815
2240
8843
1668
1312
2952
7565
3684
3772
281
9679
9178
1321
5390
1514
1982
5686
9934
2494
684
7827
7198
339
4680
2045
3937
5399
2072
7574
8276
1162
1378
7355
1484
6842
6939
7001
3937
1724
9206
8730
4480
7488
2668
3844
6074
5302
2008
8500
2045
4450
1977
3017
3300
1300
9162
4155
4064
8364
3721
7402
7563
4631
5125
6701
8259
4773
6570
176
6762
6857
2247
1482
703
7157
4116
2535
5116
4113
4225
6623
831
9589
8327
8355
4675
8716
5007
3761
6282
4284
7491
3380
8030
6845
1129
5145
2222
3024
4811
9684
7537
1251
1101
6722
7892
6943
9238
5464
8611
7702
9000
3650
4544
5454
8194
627
5543
779
2879
5630
9311
6512
4765
4451
3058
2686
6919
9344
1603
3068
694
7150
5020
4244
6786
7782
7974
1107
5393
9350
3218
9145
6165
800
8780
4257
8800
9804
9610
4580
7175
9825
931
8752
3425
9242
1249
9966
1792
4761
6942
7088
8814
8782
1394
7034
8131
8665
545
1185
3808
863
6130
9390
869
6768
6721
9149
681
1560
3944
1214
7307
3668
4032
3833
7602
2382
6081
4104
2507
2821
3884
7052
2286
1681
3629
1769
87
4858
4352
3349
3328
2964
2707
2299
1602
2001
6171
7133
7401
4319
2516
8393
3354
6900
6210
4023
4241
954
4648
2281
4084
2784
4669
674
5096
6767
7211
2421
173
3275
8312
8822
8710
4002
1817
3399
269
2978
6095
6243
6836
2685
9388
9142
5847
7529
7696
951
3732
8814
1557
6809
9439
3736
9995
3968
7859
1628
7886
7515
6730
9493
9289
3238
365
7456
3833
5682
8508
739
1434
1884
5467
6411
4582
1994
3533
2885
4978
1308
408
2901
723
2099
7500
9876
7337
7199
1142
2553
6588
9545
4534
1938
5192
3381
2097
9016
1108
8860
7389
501
8812
879
2415
4753
304
7779
3737
6120
1195
6656
7486
6767
2384
3935
1332
6405
3781
6560
4049
6571
428
5148
255
9259
8033
9098
1764
8183
9230
5038
4799
4568
2060
7190
3656
8762
8669
9713
7251
9731
783
3321
2655
2351
6123
2105
5480
5216
7317
4714
4503
9651
8349
2819
3002
4343
7336
6813
1642
2556
230
2816
8567
6024
7036
6862
3947
325
9403
4884
4025
2645
931
2216
6238
7184
7620
7273
1170
1222
31
7122
7761
446
4586
1350
6562
6068
1437
8360
3455
726
5299
1073
7308
4483
8191
9970
7109
5895
3720
4910
4892
441
653
149
9257
8291
7289
4475
4492
3653
6890
1087
6624
5020
7090
7331
9516
7141
498
894
1368
27
8444
8832
4254
9481
9567
4498
7025
3144
738
4966
2720
390
4071
2963
9185
2591
1150
6170
1932
8219
425
4326
4891
3492
8837
2878
5515
7851
4724
4326
6257
8275
9636
1143
2883
3226
4552
2531
1787
5889
6944
4932
2038
6550
5787
1088
4748
6856
4518
3770
5454
5807
9769
2307
8954
8710
8209
3571
145
6378
6789
6735
4793
1524
9722
4870
9282
946
7474
8762
9967
4640
6804
374
5783
5826
7118
5312
1449
6217
5905
4853
397
1303
8901
9825
2650
3661
229
9183
7010
4315
2393
7853
1296
1826
1608
6929
258
8360
2933
4688
8455
9896
7006
7730
569
6612
4400
6110
2895
4821
3625
7305
8278
2825
8410
2554
1969
1474
8597
9229
6078
9594
713
8333
2282
4753
7084
9594
9791
3901
1836
3874
3867
2106
9520
2624
3777
6659
2199
7823
2693
5303
4658
2072
4626
5179
9584
2544
8548
6705
3240
8804
2709
4733
6096
1641
6091
8758
7742
9713
2114
2183
2549
8671
4749
2553
5077
