8192
5568
4843
6962
5371
1751
9158
409
2043
520
6623
2124
1948
405
7288
2745
509
9486
3705
9623
6409
8021
5652
435
4514
8714
3680
3350
2642
9723
1949
2444
5323
5075
4325
1129
881
1103
2484
3551
27
188
1956
9892
9578
9208
8727
5058
7872
81
7416
2708
503
8225
7516
6784
1089
6405
2434
2834
6459
207
7738
3676
1136
1402
523
7888
6685
6402
3957
569
8398
3624
6877
6923
3936
7326
6768
9636
7240
2276
7518
3057
1023
6675
9057
7342
2377
658
749
9434
3000
5351
5225
3088
7404
4368
7614
4973
5428
5498
9519
4891
5910
4447
7781
4413
8601
5616
1346
9883
4206
7398
408
2738
9305
4927
2286
6037
9965
805
6165
5171
8541
7910
9697
1174
1019
1777
6876
7792
5038
7387
7691
4987
675
6544
7621
2464
1236
8903
3663
5513
2170
3690
310
8687
9215
8476
612
6735
6683
5606
9444
534
1898
8239
2090
6708
2096
4083
6036
1435
5551
825
6906
3080
9418
3354
2842
3669
2527
3354
3803
5955
7337
131
3220
9289
1581
4642
4291
8320
2958
5048
1775
9081
7793
7850
4536
7161
880
1387
9835
8764
7041
3805
6994
4418
3279
9102
5411
7820
666
391
2761
8482
466
3714
9322
2643
4813
3690
9720
6042
6888
3288
5210
1328
1991
9434
9178
2778
7806
4479
1418
8044
7118
3968
5100
9203
8041
6873
9174
7198
6692
3024
323
6100
425
5171
2536
859
1591
8809
2172
8604
3810
7880
4783
2098
1113
6152
3052
39
7428
7423
7977
5965
3999
2521
1694
9099
2584
9532
1313
9559
9589
1703
6335
4411
196
2048
8246
4604
2688
7989
8530
5713
9996
3490
8856
4747
1675
1322
7987
5083
3126
7634
7343
1296
4198
2932
2075
8685
8187
8503
884
863
7342
2292
75
5140
836
2396
5745
994
2489
263
6161
2622
8704
6200
5999
1650
8875
7307
2724
7397
3718
454
3350
6146
9188
6805
4576
7069
6143
2505
9859
6460
26
4711
393
1010
3717
6035
5615
560
3518
9160
9836
6910
6548
6875
6401
5652
6267
7220
4549
8879
6471
4106
7858
1288
1240
7983
4803
8341
1803
5007
1237
8463
1343
1153
2647
4139
6933
320
5715
6982
5788
9258
7116
1887
8897
3808
2022
5106
4983
7248
8063
8173
6066
468
5407
3392
7671
1875
7067
4778
6696
1791
7569
1353
2767
5228
639
4569
1477
409
9559
7115
4851
2404
1447
3750
401
847
7971
8159
4141
7157
2448
6350
8592
8612
980
5629
4113
2298
4304
2659
4317
3862
1243
7383
5036
6599
7971
7263
9390
7176
7131
1924
4637
9577
252
8157
701
6854
1607
7908
7662
968
9719
3425
2757
3290
2074
708
1876
7534
9490
7419
1859
7910
7027
4475
3643
7537
9471
3504
8407
882
8744
646
4713
7443
517
3827
9709
3162
987
9819
2416
7934
880
2916
2505
7634
3381
4097
6182
2092
2290
806
8203
4453
9988
7151
3839
3119
2162
7457
3402
9528
2153
2573
8613
9647
7840
7803
4769
3376
6556
759
5235
4596
123
3328
1381
4180
7250
2506
2204
9821
9
1487
2590
3863
3233
3682
2910
6920
1525
7699
9216
9277
3346
9450
2813
2296
1668
9014
4838
6745
2873
2838
4095
6527
3235
5898
7468
1839
83
4110
243
2271
1722
7421
9996
5178
9883
8257
2936
9596
3343
4273
5966
8962
8467
7180
3045
4723
1533
4953
8865
4993
5885
818
9700
7794
2309
8736
8485
6710
6409
6725
9627
3731
3846
7556
7718
6520
1338
4766
4180
445
9715
9104
4672
9629
2849
4329
1577
1928
3308
7196
1773
812
7939
6207
5626
4040
8679
1938
4783
3417
5626
2359
1082
1188
6423
685
5779
5528
1304
2010
1135
419
2440
5579
2870
7936
4496
1580
2557
217
4219
3500
7234
8436
7831
3395
2325
4758
9708
3939
3932
4194
6515
93
720
6268
5710
2738
9
9627
6033
1417
8992
8935
7785
6248
4801
1002
6024
5462
2471
8483
7985
8957
9396
8216
9383
8452
4970
4443
8782
6036
4720
4354
8451
867
456
4741
1178
9074
4187
9153
6700
9334
8246
5648
2250
1056
2119
6143
7773
8766
8347
4052
4749
7392
5647
8810
1576
6278
3841
8177
6330
4569
5837
8066
2929
5261
1606
6064
411
506
3642
2959
1855
8227
1311
9837
646
7166
7351
797
7412
3454
8396
3448
7898
3982
4905
5026
6579
3703
9783
7199
4783
802
5285
374
1686
9537
465
1009
6816
5823
2119
5168
5496
9017
2853
9494
484
5356
3023
4472
9590
812
763
401
5575
986
1984
4560
2883
1847
5064
6234
2408
523
4770
929
3126
827
3280
6945
7854
9460
6534
8996
1467
4817
771
1515
7186
7306
6446
1372
3323
6768
5670
3278
1104
3892
2709
2785
4679
5123
3026
6222
8011
9208
3745
3535
5383
1554
8652
1578
4345
4853
1972
1043
5902
3098
1378
3965
2835
698
9495
23
6827
2739
1481
7251
2603
8281
2135
1757
6275
6663
3587
7237
2632
7549
8246
6229
5632
1723
2547
6904
1371
7954
924
6865
30
370
1517
6406
3280
3913
2736
2385
1417
8359
9959
2342
9785
5051
7177
9440
5786
4259
5923
86
7521
1456
4559
8898
4866
6292
9195
3496
7087
6596
3760
2868
5587
767
6093
632
7867
714
4502
9030
9438
138
7630
7028
1450
5920
6633
1334
7159
5017
7362
9642
2443
6128
4646
584
7659
1161
1816
3043
3143
3893
5968
2079
2241
3181
7444
8016
9987
5718
975
4484
8879
8681
4828
2760
4771
7440
7884
5728
9782
4815
2832
4606
8657
2990
9455
7882
3021
5237
2170
3669
9021
503
5147
1455
3922
7760
1465
4656
1237
9322
9011
3153
1679
7838
7290
557
2781
714
3929
7287
2867
7946
380
8679
6207
5376
8970
5269
23
7683
4940
9299
785
3735
9451
2178
5641
3749
2292
9681
4713
1086
754
4332
6391
3604
3172
6611
6871
4079
9467
1967
9926
423
1206
8196
9668
8171
5838
9515
7397
4731
6895
873
3197
2477
6516
2698
960
5976
1202
1772
1979
7826
4757
6757
2316
4678
2029
1037
2426
9775
3816
3816
4143
3829
3235
9327
9080
7082
519
7528
3655
6774
7732
6063
1756
978
7399
7323
9835
4608
2980
9016
4694
1424
1331
6738
7268
2344
6223
203
7674
7307
6779
1858
5545
3747
1256
6863
6144
67
3533
955
6315
130
3678
5926
9274
703
3214
7206
7738
1987
401
750
5766
7107
5657
3389
8014
8753
9124
3283
477
5406
3918
106
2968
2803
9019
3772
730
7897
4159
8895
1914
3732
4558
9783
8042
6666
6017
7410
211
624
5816
511
4454
9894
6484
3181
8081
6564
8883
8830
6740
6242
549
8184
2724
5849
5651
8110
3365
3502
7262
3443
9957
1568
589
8842
3395
800
5413
1822
129
4643
6450
4712
9897
6895
6572
858
4809
9783
1284
7750
7850
7315
968
7326
3692
7059
5996
4455
3696
740
4517
154
5753
1545
3822
345
9444
2251
7932
6962
5902
3830
1357
5169
5739
4272
2629
9424
8178
8883
6389
3918
2430
4572
9796
8379
1499
6173
7561
8279
9251
1767
1121
5242
1432
1654
2901
4128
2581
8763
4717
6834
5668
7247
9706
7557
417
1719
3068
1486
4651
4201
9523
2495
2015
4021
8468
8614
897
3820
6597
9865
5565
7456
8656
8580
9990
3039
3624
7433
2287
1275
6581
3850
798
6532
2664
5681
5566
588
7328
5111
4547
3385
4958
8783
1427
5487
2765
7025
2408
5189
3005
1213
6382
735
433
9397
7394
2838
953
4054
7844
9790
8954
4263
3172
9547
7980
7437
6448
5490
1503
8822
8495
1286
3880
3428
6124
5469
6461
1005
5373
4722
8178
8849
2664
1515
3823
1249
9664
4736
7491
7390
9647
7981
3578
5532
5563
7270
2304
4354
4309
3290
4319
5839
317
9279
7659
9873
9897
5479
5325
9703
842
4192
4174
8334
2268
7873
678
7751
2536
8694
6186
1264
312
5719
5142
7909
4738
9687
9687
2536
548
1348
864
2596
7741
4542
8971
1836
1051
7879
9185
7010
9407
5012
436
2820
9293
4718
5972
2581
8766
69
2548
9122
4398
9999
7507
5996
8795
10
4888
6192
6083
597
1760
1229
2814
6120
684
4921
8877
7812
810
4778
428
7319
5930
6331
1312
832
8302
9049
8469
3909
2377
8185
6834
1365
4234
2067
9964
2743
5291
5948
8023
3924
1789
4937
4019
4925
1140
5712
3758
8331
9708
1254
2319
7037
7136
4877
5198
7664
6001
1732
5594
8778
7286
7190
5903
5434
9976
374
5920
6283
4747
159
9115
3380
2129
9002
5765
350
6034
8463
5961
3099
930
2102
7150
5728
6748
3350
2881
805
711
4558
9464
985
8235
398
1750
4067
3268
1169
1896
7401
5299
7405
2492
1346
7966
5868
2179
5415
7819
1552
7949
8558
5210
3404
2026
1566
9685
4191
2711
1756
1250
4003
327
2105
6015
7055
6691
6470
4990
2407
8875
4882
841
1725
7456
2323
9124
4278
3700
4124
2106
7213
1586
9670
2298
64
2318
7576
7468
3081
6846
4096
6684
7357
194
1312
57
3407
3323
5333
7625
4092
4312
8418
751
9599
1393
9954
3786
6320
5244
1705
8184
741
9544
8057
6982
1971
21
4602
7442
2671
3389
2325
5908
5545
2754
5540
3286
3614
4163
6167
9099
5880
9452
2643
1608
5257
2194
4604
730
1556
1284
8253
6042
4715
766
1871
2391
1715
4138
8528
8061
4904
5333
8857
7381
9900
4641
857
6056
8656
1627
8491
727
2752
1249
1029
7111
3735
6297
3881
3016
1689
1811
1593
1748
3258
9761
5239
3676
5152
746
2580
1042
3285
6624
9505
3661
2712
1894
3680
6304
7873
2742
9704
9596
9458
1916
5033
7213
7048
3600
4059
4658
9375
4097
1220
3133
2809
1012
9792
6702
9376
143
2783
7622
1513
9475
4754
6871
5181
9901
4987
9795
1639
1341
8274
1652
5585
347
874
2538
9799
4397
726
8542
480
795
8509
1250
5923
5294
7545
7463
3492
1499
7288
2376
5274
7577
1391
2600
475
8190
4872
7358
7316
5302
6365
2147
1918
3430
5571
77
7769
4291
9094
2781
6155
5195
5831
2658
5824
9354
8323
6924
5301
2990
3386
5300
8396
4843
3221
1897
9438
2693
7573
13
8112
184
9734
320
4611
6799
4321
6191
9139
7929
6475
6815
6483
1894
9628
5471
8590
795
3519
2347
4718
5351
3093
3158
7296
6842
5411
9662
1780
6166
8039
3744
1820
8641
4138
6112
2577
8186
3089
5142
1184
983
1049
4660
4500
8478
3926
7569
9101
173
9555
1622
8347
4506
9890
371
6356
6405
646
6186
3123
288
5464
9041
4373
3816
5241
9051
2510
5816
3254
8981
6949
7420
8709
8576
2356
6032
1384
5770
8452
8476
9934
2618
6579
8831
8444
3105
5159
7735
4157
8378
1765
6655
3
1885
454
8710
9115
2961
5264
681
9097
2178
1532
5810
4981
8245
4956
2296
1717
1934
6365
8280
9763
6973
4617
2771
3785
4555
291
5066
8730
1166
4684
6925
4761
4090
7225
1681
442
6806
5613
3487
9159
4188
3254
6514
6276
5461
9277
1613
1272
7367
3208
8797
2604
4795
8315
2752
2014
1536
4158
2172
4378
3142
9871
9596
3353
1428
3025
9781
2636
3261
9954
6820
7390
5457
4577
4785
3909
7574
8045
3900
8865
361
2015
3774
270
201
5257
8281
1889
3687
2526
428
2757
2182
4741
7331
4166
2399
6132
6511
1726
2319
1113
1346
7586
2041
1083
9834
4871
2125
5661
5113
1788
9396
7111
5489
7498
8387
9882
8224
310
1768
1740
6412
7478
848
2066
5933
7163
8688
8327
5870
1743
9294
1855
7686
7482
4234
5052
3754
6288
3148
9991
6084
5622
9239
6469
4971
8548
1239
2690
7305
9130
3221
2159
1846
2395
2954
1647
4531
5195
4323
1294
2010
9133
4094
8027
9902
8112
7351
882
3397
982
3095
2863
7897
6178
4718
6841
7612
7916
2292
2541
6801
173
2155
877
5153
8823
7970
2179
8365
7834
8482
1868
7372
2462
4579
9083
4923
2126
5424
2941
5560
738
4092
3649
1374
3152
3399
6374
6752
403
8180
7886
5855
2000
8703
2870
2963
678
4709
4512
9212
6593
5305
1457
2331
5088
9585
5921
4907
1617
6307
319
9227
36
1396
917
1830
1416
4644
8583
6610
3402
3854
60
8518
4659
5578
7218
5689
6650
2357
3651
7304
8585
2473
1852
2261
8048
4961
4419
9639
2054
4883
8014
9543
6696
5345
4328
8234
1221
2783
2213
5709
1316
9105
2499
4478
300
3384
9580
322
6304
9895
3310
2075
8451
7202
7777
1125
1050
4864
7564
6844
1527
8011
5393
4809
6138
2465
2159
8167
2388
9894
1679
6385
1254
7474
8101
8633
8193
6707
6650
998
6936
4230
3876
5999
8363
5823
2507
1385
2444
8439
3457
159
3006
4818
3990
5799
3548
6317
2709
1400
1099
235
5617
2406
7935
9323
3839
9576
4261
6
4721
8168
1321
9805
2320
9918
5561
2727
3388
7048
5672
5656
3641
4690
8260
2266
9580
3418
2281
5922
185
7591
4500
5868
6829
1459
232
7642
9900
1578
5485
300
1938
8578
9954
7706
3869
9703
4213
4700
5335
1114
6515
7163
3806
8315
2907
3699
9570
3320
2446
5158
4139
1647
5778
6065
2735
2422
2514
7536
898
7983
5159
6160
5765
9740
6435
8919
2228
9844
2262
2268
2811
146
3632
4393
8968
9882
1018
6676
793
5667
7213
3936
207
1520
6381
5456
7576
7660
1873
1825
5724
8987
5714
9720
49
4249
4818
6466
9629
419
5379
249
1005
5481
2060
5209
2349
3293
9248
6230
9130
1990
6690
6835
9404
2273
1940
3445
8337
7585
986
2138
8440
5928
4645
7389
67
3978
277
6814
7003
6387
3174
4690
621
703
8689
9897
7366
4705
2906
1458
4603
3082
8579
5486
4526
4288
7795
1254
8931
4225
5436
9993
9394
1413
8094
1731
8693
8102
1476
5768
2288
3907
3231
6636
4089
528
1437
4584
9639
7142
9454
129
1583
4848
4566
5536
3376
3093
5045
4146
3830
3085
8177
7860
8364
4089
7301
4233
5914
2203
1
3649
5259
7300
837
168
805
9566
8882
6645
2140
9270
5442
5421
8588
290
7987
6915
5502
5124
8917
4874
9131
8636
7695
7881
9638
9358
5464
3424
4884
821
6981
5566
8242
7983
8225
6546
7397
9289
5474
4245
8400
5501
7705
5658
8534
6957
8828
6172
8657
6426
3371
6112
421
2344
4565
3176
9537
6365
4725
9482
1971
6547
2579
1629
4936
4017
8035
3400
7581
4765
9718
9755
268
9294
9077
693
141
4309
6057
1650
2195
7219
6664
74
6779
971
6685
4260
1099
1205
8058
8986
1379
342
4514
5890
636
1028
4982
8691
289
3736
1990
7485
1219
5945
3255
7492
3904
1981
1022
267
4397
4266
9902
7955
5941
568
7749
4514
1139
54
3070
6638
8377
3839
3924
5276
446
1293
168
1959
235
3904
800
9152
1403
640
5972
1981
2082
7277
960
9533
8773
3162
3228
2855
1807
5025
9742
5443
5286
3059
9086
1283
4413
3069
2356
2521
3427
4211
5059
3670
4242
5984
6291
5847
4958
4065
5095
9510
8274
8275
6073
8569
5477
2156
4647
6420
5106
105
9012
1082
4044
8230
8205
4789
3510
4638
7863
2934
1459
3008
2118
6625
3108
2251
6710
2630
6523
2364
5665
7603
2683
5300
2409
1947
8554
2542
5091
3683
2570
7745
3331
3935
3209
1838
6758
1422
7365
983
2750
7597
9114
2927
438
4371
2423
6862
9743
49
4317
5595
4763
258
3007
4355
4465
6248
2248
2309
4084
1842
1928
9225
4378
5923
8422
4094
6583
8911
9349
4013
7357
5249
7073
6634
9127
4589
9486
4423
3646
1486
51
2394
2585
7240
303
177
9053
1520
6039
3936
1015
7965
4535
7051
2350
1076
7266
2935
6199
8127
5599
1120
446
1398
1607
7695
1774
8412
1348
8287
4574
1476
5550
8650
8468
776
8750
8825
1800
2328
4509
2401
8248
2113
4661
4389
4630
7518
3420
9750
2978
2426
6034
8885
3079
9813
5245
7121
3810
4019
5703
4468
1519
9085
5496
6351
2235
3049
3785
4377
273
6558
8564
3250
2047
7159
2170
7478
6580
3899
8218
6093
3780
4260
6841
9898
8670
2634
1265
3383
8738
553
950
8969
7762
2536
3334
6056
6547
8267
2576
9128
7706
3626
4094
5789
6676
4568
9828
1640
1710
8744
7769
9774
3851
4907
1403
6936
7200
7201
5715
5460
9420
9304
4275
9696
7335
2472
5540
5722
1741
3693
1715
7484
6518
4424
5575
3892
4352
969
5026
2472
2716
3952
1246
5108
317
8184
9768
6630
9500
3611
9912
1056
8644
3803
3178
6733
4754
4591
8519
8353
9676
919
5287
3769
1166
3585
6684
4630
6788
1231
677
3767
2917
5522
7342
4099
1680
2907
1974
3255
159
3995
7289
2664
4959
3091
3535
6749
3025
7292
468
1876
8842
4394
8066
356
2580
7132
2796
3856
1174
7690
7569
854
396
4109
9328
7151
111
2878
9047
6155
7012
6697
2590
5946
999
2563
4856
3789
7779
4553
3085
135
228
371
6749
1306
716
188
6967
2017
2848
8299
7561
9076
996
7025
9447
5865
1493
6612
4769
6866
8423
2906
5926
8190
6796
1458
9688
6065
4550
1315
4863
9579
4173
9327
7414
6327
8728
1865
2263
6673
3472
930
6179
121
3380
4635
5243
7609
5402
8208
3982
7785
7252
4139
1516
6483
3219
3253
5905
9410
3266
5174
2346
7700
5735
7812
122
5049
3297
5671
5030
1988
7651
6307
2461
5231
8631
9541
6422
4048
7063
1669
2231
1465
9607
5431
3400
1411
833
7954
112
1965
1549
1137
3032
9635
3675
2090
3266
8017
3199
6279
3934
8262
9078
3956
4663
4520
3844
9778
9509
2630
9426
2786
1857
8675
6793
8840
6613
1008
3917
3372
9865
9582
8234
8168
9264
1314
9531
7323
7367
5709
5120
5968
7037
341
7365
3850
6463
9827
9972
2385
5378
576
4604
4938
8014
7425
9451
1811
869
4105
5730
7834
409
5404
8678
6217
441
1909
9285
8790
9478
5939
2225
1431
9487
6171
2544
5153
9454
8185
4868
9475
7561
8852
1522
1544
5152
8372
4177
7148
3606
5786
8576
9773
9496
1177
3182
1953
7717
899
3411
6698
3081
7842
2627
3391
2411
6099
7806
788
3007
3393
8015
7915
828
790
4174
6773
8900
768
3685
2519
8050
9135
3007
2444
1439
3957
7796
2344
2958
6342
3898
2197
372
5204
3912
8186
4032
6052
8712
2738
7845
8061
6295
9672
3794
4207
5271
4612
8960
2275
9760
752
7947
1286
4154
3468
4806
702
4526
2467
1843
5493
2491
6654
8401
2922
1303
7778
2658
7055
4308
5701
5251
1986
1518
4552
8066
7831
1898
430
9482
3221
5868
6345
5608
7267
2453
9768
6428
8528
9630
8171
7667
7612
677
6701
1923
4589
7765
5067
8716
4593
7459
3677
9177
7286
2130
9960
8524
707
6844
8166
6145
3176
6537
4338
3896
5266
3333
550
102
8439
5707
2722
8865
1826
2995
4732
3781
6810
3105
8232
242
6534
7247
9774
1270
280
2153
7405
8216
3715
2844
5983
9966
5411
9798
6894
661
7481
4585
5527
9422
1051
8591
7351
8404
8909
5765
3244
7953
9171
5335
6263
6172
8653
803
4817
8662
2998
4072
7906
4449
3382
5624
6386
956
2799
3447
6045
9183
2970
498
3620
975
9
1782
9979
4797
552
6584
3790
934
3016
3043
561
3672
1888
6131
1034
8399
7477
6493
532
7794
7564
1533
6938
9453
5457
616
2477
1699
9559
4890
8951
6306
8630
21
2295
2747
6129
1376
8937
1861
8054
343
2102
1931
6864
6578
4806
2525
7195
2013
3295
725
5624
693
1054
4303
6418
5151
5698
5952
7601
6637
6834
1302
1980
9671
420
1810
5410
2386
2081
531
5159
2051
5847
7352
2261
69
7308
7051
6994
8139
6205
8341
9719
3182
1301
269
5503
7731
6236
4121
4978
409
2917
788
1841
9147
1849
8425
9559
2753
9600
5897
1831
9777
894
9615
9913
1946
2352
8245
8539
9306
8490
775
3879
7107
2218
42
555
5875
3144
1247
4516
5275
3448
7737
1981
6075
3008
8454
9218
5545
9204
7684
9289
5135
6433
6811
3117
5537
5271
2844
1043
1310
5962
1172
8651
6553
9171
587
1124
3291
4668
528
1506
680
8645
5989
2389
947
2153
3218
1054
6982
3497
5393
8975
7498
2244
5425
733
1471
295
8620
1609
2469
7847
977
9086
7050
2875
6525
3128
2613
418
3667
4615
8488
8224
7788
3453
6601
8334
1380
2527
9146
4742
6058
1415
5990
3879
5230
6507
1323
3781
4352
4577
8155
3641
8084
9691
484
6465
4168
3265
1373
6790
7567
9300
9408
8606
3656
2219
5100
1305
7348
9230
4747
1076
2282
4076
3846
250
1852
1518
1733
9931
34
3032
679
420
6794
6447
1707
6696
5988
6998
3214
8801
1984
8215
531
7072
9674
6689
4218
874
4993
3592
4641
8179
5310
8653
707
490
3173
785
6805
8796
7197
9837
1103
7125
2978
8046
2788
8059
8274
7347
1754
7444
6321
31
5476
5784
8213
3017
5630
7039
8135
7158
2256
9961
5780
3852
9723
7109
1840
2368
9995
7833
2773
7927
2499
7024
7208
5397
1939
9259
3278
6654
8911
1652
8877
5789
9538
7974
166
7772
4205
2593
5821
3995
5623
3407
2371
2331
1397
3526
5902
8533
702
244
8756
2910
9108
6328
2004
4272
8011
4573
5396
9740
8346
6937
9905
6251
201
9894
8535
7171
6773
7647
495
7494
8735
7128
186
4204
4030
1474
4717
5525
3349
8286
8720
3083
9155
5293
7182
3088
5338
6703
3070
5986
8387
5274
2974
5346
1728
663
2520
5945
6627
8808
387
8761
6036
5799
256
2447
6165
9289
7165
9645
9273
7668
5867
8708
8303
7741
7724
8451
3936
8236
4457
9794
3280
4118
5029
6546
941
8733
2459
1913
249
5896
6806
2491
7417
3664
2364
1162
2824
4662
2622
9486
6474
1178
547
7099
3199
6695
5976
5973
8554
2519
7652
8623
9455
9982
252
8101
5927
451
5435
1398
8534
8471
8369
1446
1081
4344
1304
9318
5849
7966
8133
8626
7163
317
8259
9129
6593
5772
4452
7901
353
9860
7893
3555
3107
6224
6514
4514
8376
2238
3639
4762
601
271
7820
4685
3279
8095
1555
8173
2240
3870
1351
3835
2286
5255
9285
8694
5943
3997
3217
6703
9554
1544
7918
6639
6955
8869
4522
8623
4434
8542
9193
2959
2818
7354
4223
6698
6381
2894
2423
1346
7537
9473
8628
2149
9000
9049
1697
1050
3529
65
8132
8921
8313
1971
8355
8473
8148
4753
740
899
3311
9435
1435
9594
985
2935
6909
1454
9593
9590
3477
4818
6271
3836
3877
7302
8409
5768
3932
1314
6317
5957
124
4378
4296
8893
8527
5574
7354
5591
4805
5823
2790
6941
9240
4631
4900
8448
7966
9742
104
6457
7252
1350
4074
3996
1269
1702
2801
2162
4124
2204
7808
2333
3272
9314
5278
2328
7894
8344
9745
4548
3336
8239
6737
3637
252
7414
3467
1477
7106
9749
18
4926
5199
1455
6404
1593
8559
1928
4063
6383
5289
3972
8841
6953
5441
1566
2776
1551
7020
5825
5648
8718
9678
7154
5383
8602
2174
8770
4637
9158
5809
2264
152
1849
1574
7570
9568
9052
7385
4346
7561
3644
3293
3882
4585
8939
7057
2116
98
5766
3858
6502
8809
1670
2549
2781
1385
6983
8724
7076
1818
3640
8105
8816
370
176
3119
6415
8257
6117
2204
2755
3879
1283
6051
8815
2308
902
6766
8091
400
2113
3688
4066
5010
3032
8070
3708
5680
1458
6402
8916
2390
4570
863
7997
8808
4476
9827
8102
8792
5020
381
6612
7133
6926
4583
9847
6397
3677
5860
5945
1190
3483
1864
7532
2273
5935
741
6814
4027
8399
1447
5464
6929
5547
1780
2463
7970
5404
9121
9859
3642
9457
1383
2180
5096
4301
8202
6737
1636
6461
3830
1527
9910
1526
4943
8813
2737
7849
9992
7568
4237
3876
5097
3581
9499
7419
4631
5598
3905
8567
2634
6739
5280
34
6580
7050
787
4344
8602
1532
5011
268
2528
8277
3210
5234
9025
3390
4945
2474
4278
6391
9147
1384
1343
9824
134
6441
220
7974
2596
8824
3385
1491
3291
3248
8888
3016
1504
2648
8748
891
5795
3733
9165
4941
1829
562
2991
1827
5512
8301
8482
7614
4170
5825
6316
3194
1121
34
334
1019
5899
5624
5439
9940
7006
6722
2459
4324
1515
1879
7728
9549
7968
1180
3052
4405
1224
3370
2088
3492
7524
3338
4540
1298
2828
1993
4383
4150
4503
7338
5226
9316
1359
6804
1234
278
9421
2721
259
6002
1560
2908
5833
5758
897
4760
989
629
2090
7622
9121
9121
8766
5756
5497
4223
1351
8806
6216
9768
8806
7461
8701
8724
1893
5894
2575
3980
4263
5615
7025
2478
702
5194
2390
366
5636
7959
7446
9853
8526
8702
1650
902
4059
2646
1872
4727
8805
1146
7538
7300
7735
1505
5111
9958
9546
2753
7127
8239
7873
3215
2168
7272
2134
3842
7404
8000
4534
8407
8809
3187
6892
6728
7454
7774
5310
9115
2341
8515
6377
3135
5111
806
2578
4669
3825
834
5243
7783
1140
4303
5984
3759
9730
2698
3918
3385
6857
2332
9969
4103
8651
2759
4771
5747
5994
515
178
2296
4348
6628
7737
8003
4046
7075
1702
3351
1649
5697
852
1602
9663
5248
3996
2919
8603
3321
174
2785
8493
9377
7394
5757
766
6191
1040
6878
7137
2499
8215
1476
7390
5337
8730
9939
7979
7445
6887
5725
1753
2106
428
8368
6880
8492
8946
3105
9434
807
1164
8009
7160
5698
4129
7576
4036
467
9661
6755
9199
6409
4277
6151
9431
4896
7854
8814
5627
3327
9090
9391
9518
7838
684
8294
5123
8793
3756
8791
6927
3093
1672
503
7645
3293
6768
5435
4983
1800
1169
5187
5518
1764
3936
8122
310
2246
9805
7285
5117
4412
8691
8431
734
4688
5598
8649
5416
5421
6753
9698
1073
8825
7456
2453
5230
5930
7753
4012
8772
2528
3262
1139
8537
7937
2439
5650
3632
4411
3134
7607
3234
2224
7793
6385
473
734
4973
9524
8440
886
6259
9820
1393
4009
2364
1063
41
9129
8746
4057
9183
2032
6088
855
575
6562
2787
3265
7774
6593
424
7689
4003
7311
7695
5104
757
1084
9009
8625
2064
7771
7506
8438
9031
7286
1081
559
1863
8905
8667
834
8291
1724
7395
149
5862
6939
1680
6299
8418
9258
1471
772
7283
1598
5830
2190
2057
5436
8911
2299
3548
7619
5699
7071
2216
5269
7855
3109
7237
3597
7094
237
7251
6432
3707
184
3488
5364
2631
524
3725
7515
31
4139
4385
432
1126
2463
5819
2350
9177
6418
8277
4848
3487
8386
3507
5579
4125
9287
8287
7901
4721
6968
6918
6841
4889
7044
2802
5604
1027
4353
7191
4369
12
1846
1501
446
51
5403
5641
2357
8919
1672
774
575
7591
913
6403
629
8227
5016
5075
2196
8775
3226
3324
229
3288
4129
3999
4598
7139
8773
4515
6706
9859
9089
4494
8983
9263
7207
9643
6795
4853
9189
7078
3363
8205
1842
7320
5096
2212
6828
8345
3903
9468
7998
592
9521
3021
1236
1773
4517
7724
7590
2504
6802
5605
5902
7318
5226
5525
7199
7271
1780
6062
5539
7917
1954
7671
5732
6020
4970
2798
5673
6049
5970
606
8280
5084
9175
916
3361
9468
849
8849
2790
6818
9482
962
6425
1440
1165
2361
9660
3648
6356
5862
6728
3238
693
8771
7750
4402
7611
8422
3048
8465
6083
1013
4571
5799
5342
2050
5249
2388
387
6127
1676
9108
8020
3242
7590
4591
7006
3487
1523
6700
1066
2342
1136
8598
6487
361
217
5107
2445
4954
5912
2229
4412
1255
2871
9026
5294
2506
8910
9842
5328
4446
5581
2415
8977
151
6979
3431
6671
3951
202
2701
3093
9111
7265
2035
1266
3683
1387
5736
9279
6534
9827
643
6636
9033
3935
1898
2559
5165
3810
4327
4872
7411
2611
939
5548
863
6410
2038
5826
9384
4389
2302
5698
9879
8748
5492
2196
2359
3030
4111
6391
1899
4885
8702
1785
6878
3926
269
3687
7387
5381
6928
3599
5436
8885
7325
4089
9976
6700
2295
4585
4637
4873
4691
9161
9755
2319
2981
2124
4574
3929
3364
3117
5184
977
857
2147
5636
3146
835
1632
2109
9995
701
2839
5326
2349
3525
6157
760
9891
7278
5948
9844
5700
5934
9579
6640
9715
8308
4815
4781
951
6955
2939
8146
3700
7075
3226
7041
613
7263
6122
942
2077
7213
366
1049
2401
3399
1103
3652
9059
8797
1434
6504
5295
6898
7068
2763
6979
4639
1036
8186
5166
8914
3079
9132
4202
613
9715
2240
6007
2368
8658
2632
2019
4609
3612
4508
3279
420
8995
3443
5333
7513
7908
7791
2570
8308
4059
9101
773
3769
4071
3806
8089
6283
4613
4486
3376
6125
4752
2189
7812
7320
3187
6878
3965
5998
4410
1008
2824
6444
6148
7621
2823
9361
1605
9783
2551
7222
2829
8243
6852
2915
9550
5318
5203
4896
665
204
6564
1092
8459
1628
5190
7141
4737
9247
1531
3877
9747
4839
453
3820
9628
9429
6838
4521
9419
3439
9701
9678
3039
8690
6523
4129
2275
5834
5301
9164
4967
2587
6205
1107
8423
3225
3124
1177
1886
7092
1139
6315
2967
8415
9616
8653
211
4184
9666
8318
4708
8180
5366
7569
6911
935
7359
5225
5612
6947
3046
5797
6195
4708
1336
3486
9807
1751
9772
2135
8453
9036
9320
111
8702
5092
2541
9089
3754
9999
1850
8859
542
8082
5747
8989
3915
5437
5439
1563
4870
5078
659
9401
8119
3819
3445
3254
4201
504
8956
710
164
5498
4635
7370
5388
8445
6657
7015
6672
1345
2038
3765
4817
981
1864
3231
6065
6796
3225
2175
5992
6933
1328
7428
4438
6465
8114
1871
5205
3318
699
2095
239
729
2435
5166
2921
9082
4245
3370
4269
7818
7529
200
8462
5328
1511
4151
6478
8843
854
6704
5230
9621
6030
429
4161
5300
943
38
9884
1753
7423
6657
9616
8047
5893
5959
3813
6893
9969
3341
7850
3841
4857
190
7311
5186
7480
1561
8830
5192
8807
7290
1674
5482
7850
583
298
9292
3602
223
343
3916
4956
5117
2385
4266
7321
4184
2460
1483
2941
6647
3973
1545
7596
1547
3991
8298
321
2755
5204
3229
7953
7003
3184
3017
6512
7847
3120
8341
3581
3135
6429
998
1440
4578
5179
4102
6525
2516
3903
3739
9268
6799
9051
4557
504
3267
6463
8291
1457
1082
9305
813
635
2901
2562
4103
928
6794
5889
7659
9645
6999
9159
9745
9416
4283
1308
4170
2134
8683
5658
7927
9540
2960
9148
2948
8998
2944
7837
9176
9986
8322
8970
1677
2077
2423
2323
2946
775
5405
6227
4373
2929
9547
8143
930
1909
6270
6205
3018
3123
7859
4247
6507
2281
6015
4681
4489
9960
3587
5794
3222
5483
4733
8154
7374
2162
9301
2751
5271
9337
7892
3310
1058
1904
5730
3191
5294
4248
9438
8482
8686
5855
1944
8089
4692
8577
5760
8575
1113
7231
3113
3703
2543
239
399
1267
1502
5461
4576
9910
3845
2096
8140
9472
5796
5942
108
6727
4127
6538
3871
9810
4409
3046
9105
6552
7490
7540
8769
6108
2894
3782
7591
1969
6801
6282
6447
3594
2382
5601
7575
816
8444
5136
9748
437
5326
6414
5139
1940
3789
6536
6015
5901
4805
8547
621
4027
1609
9416
6794
9118
8370
3236
9559
3166
2311
6112
5505
7210
7136
3648
2611
8534
2007
3903
6008
8897
5408
4929
7625
1385
8080
5580
7032
7825
6200
8132
9406
9389
3820
8787
1902
8502
4566
6447
6636
9523
3136
8145
6890
2448
5549
7869
9515
7792
395
6338
9060
4713
8098
6722
3446
1080
9404
6987
2149
7940
7909
1761
4230
3829
3479
6822
9508
3750
3827
3960
1846
2779
4008
3999
9557
1545
409
3444
7554
7775
9685
7242
3429
6829
556
9728
3473
3034
2023
836
6946
1922
2927
2447
6271
6847
1703
8896
6777
3849
1457
5083
3078
6852
8783
747
1578
6775
8886
3074
2879
4702
7781
3239
4155
7293
6308
3082
4225
2264
284
5158
7309
8118
5625
849
2454
1503
2857
6470
6941
2772
5065
8522
2311
5541
4747
5911
7119
7009
7864
8426
3158
3148
4523
7733
3939
1512
8773
5922
6304
8779
2737
9611
1808
671
1454
4525
804
6773
5149
8035
7342
6925
4919
2786
9153
1852
248
9300
7567
8638
2699
3
4769
6812
438
4165
1456
6642
1679
8765
6440
1896
1045
6753
8509
1192
5741
3852
9126
8910
3077
5660
9950
6824
2792
5643
7521
2967
486
7602
725
1660
9751
6985
5436
9249
8809
9583
8499
1010
1933
9736
9933
7201
330
3636
9646
673
3233
6417
7443
9331
9897
7118
4641
1737
7475
9027
8587
569
723
3401
1860
8638
7562
2701
164
3852
7860
5680
2064
6496
7872
8288
6059
7296
7402
5808
2912
1546
4183
4
1174
9958
4832
4453
3831
6243
1908
1774
8895
237
8389
9254
7043
6686
8342
257
4360
5229
824
3653
6429
5225
7910
5385
2967
8417
7718
9798
8266
9925
1457
5483
6304
3314
8612
5095
7840
1067
572
4679
739
953
130
6613
5680
2475
7431
9477
1904
5583
602
8072
3187
3448
8939
6230
1056
7406
2471
5419
3888
2076
950
3983
2516
2870
5143
9961
4403
9590
9098
4676
3878
2783
4419
6907
9445
6650
603
8394
8830
3583
6098
6033
1632
719
7776
3465
607
3195
6722
6870
3495
3324
9463
6238
7844
1726
4528
2455
2120
2835
8696
9361
7285
7783
6198
3306
6815
9490
4882
4402
8548
8045
9909
5564
1642
8056
2801
479
1119
4508
194
1506
3381
3240
7588
3894
2745
638
7413
5806
8073
9862
7229
633
48
3871
6050
8216
4272
8140
5008
8156
6572
2411
8380
8209
5218
9148
1499
4915
5272
8144
2174
2886
5311
1120
5608
7651
8623
4614
4719
5312
3844
1409
142
1395
9568
7295
5151
3785
3740
8299
75
7269
4107
1566
9306
9977
96
8644
8020
9142
740
4081
6244
7453
4616
8565
48
5576
8520
2507
2325
1613
5887
4007
5105
5232
89
7292
6659
5895
2768
2078
4687
5512
7004
9595
4488
3549
3849
5885
673
2987
7349
3879
6063
6032
9942
5005
1993
5148
4599
9062
8179
9715
4223
3820
7722
3601
5074
9343
4556
4603
4175
4361
9271
2813
831
2978
2723
1503
6657
6238
2036
4974
1397
3341
8881
5678
8902
1966
99
2990
6504
6511
5292
4177
1855
4528
2007
7004
6639
446
2150
9163
2823
5075
8680
8169
3453
548
2562
2723
9826
2736
8853
3513
6252
1127
8098
8926
8583
3025
4495
2789
14
3645
51
7976
5147
8925
2627
7651
9544
7338
5153
589
5760
6509
7317
4039
2868
5128
5596
1219
104
9234
1276
8543
3022
9522
8119
1091
2585
6894
648
329
6219
2921
2934
7033
1927
4082
7614
1674
9936
8970
6368
7176
3090
4535
274
3862
6007
3697
3894
8798
8389
8657
2208
8325
8686
3122
3399
2358
1946
9576
2228
3542
5686
7943
8078
2698
2386
6226
5208
6562
9866
3227
3113
377
3439
1575
7948
3449
3516
8386
2073
3792
6704
3254
9417
1442
9253
6435
2013
9110
5347
5607
3928
9929
9415
4555
5906
3486
7971
3110
5175
7325
6056
7892
1847
4488
9174
389
3340
3794
9127
9527
5622
1177
8050
9056
3188
3702
511
7270
5904
7542
720
2268
3791
450
4267
9003
6249
5564
1092
2081
2661
9934
9744
1191
3553
3192
2077
5680
5658
3127
7944
4343
343
6075
4207
1539
1201
8990
7696
1677
6946
4989
9848
229
3354
5700
6037
5080
6846
2123
3390
8238
5868
1198
2233
2371
9507
48
1050
8343
5385
6796
1837
9940
5848
6014
9948
7437
8344
5659
9351
234
4732
2424
8355
6962
3880
3183
27
9548
5620
5815
4688
6724
304
5967
2876
4967
2032
6753
2764
2578
8398
6687
2562
2841
4642
2645
6055
3982
4884
3496
7435
2337
4756
3910
8072
7163
7825
7434
8012
3446
3068
9518
3598
3284
8027
9096
2463
4566
5034
1768
4404
3774
1351
7383
7963
5445
9979
2421
1720
8097
8972
8531
1732
4933
2735
5058
9867
5391
3768
1582
6790
8095
1000
4768
6812
9345
1713
4127
377
895
8377
7108
5346
4337
54
4578
1299
955
384
2456
153
3396
2623
9472
9033
4987
9776
2853
8924
841
3885
4317
352
9011
6477
4590
1828
9007
3359
3529
3901
1313
5406
4727
363
2151
5330
4914
9179
9713
1463
5197
4920
5095
2240
6838
258
2636
706
9881
401
495
3577
2423
7613
3081
4387
2702
429
3896
9005
7930
7478
6870
3884
8396
4594
4469
9039
8173
4548
4176
783
6360
2386
4977
6911
3630
8972
9581
6901
3750
9732
7027
9655
7215
3987
1238
1787
8650
5493
1795
3819
3756
5018
9969
1376
8680
6222
9986
6475
2773
8835
2843
1362
3309
5080
5958
8115
87
108
2320
7904
2458
8219
7821
6715
6974
18
5356
5355
1206
3608
3545
4058
613
1654
1660
7356
6895
8419
4556
8484
6104
102
5256
8027
7439
2121
8484
7758
7355
2361
6043
2853
4349
5359
5934
4191
79
8044
1019
382
1338
7499
7995
4760
1182
8775
8789
4639
9112
5117
1281
1216
8939
3102
3139
4401
5459
9596
5652
2492
149
610
1955
2519
9895
3969
556
2416
2006
7647
1695
1852
2094
6510
7944
6790
1599
3939
4528
8434
2431
7867
3577
3348
5336
2999
9834
5505
4642
8468
4654
3015
7928
1042
1860
2199
7069
5882
3106
2825
3566
4981
3936
8575
3896
7553
6422
8698
4449
1011
2232
8284
5173
9267
8529
500
2518
4395
6663
1377
8962
6536
8217
9060
1729
1251
7218
9350
6008
2481
804
2404
2683
5536
5895
8580
5796
5717
843
3577
3927
6984
3210
8660
466
12
8042
6197
5745
287
6086
391
4035
3750
4665
2331
6281
2240
8569
866
4854
8311
1930
9862
8963
9451
1164
6215
1052
6762
7907
9296
4629
3843
2544
673
7310
4088
1235
705
5784
1712
9242
8424
3404
9810
2632
9635
4080
7305
3796
114
6679
6314
6694
3818
730
7497
3493
8455
2582
3367
7674
367
2536
4966
130
9185
2978
4750
9189
2279
4221
5360
9797
1107
9748
3394
7908
8556
9771
7715
2519
9768
6788
7781
6970
3174
6483
4042
9151
3140
2829
1719
3949
155
3311
3896
7441
4258
7803
2481
4443
185
9621
9582
7703
5978
7485
3033
3326
9575
61
9909
3350
5013
2285
9145
6868
9678
714
1465
3435
981
3297
6366
4489
5830
614
6484
6949
1754
8108
2808
2526
294
8198
9609
8254
6692
5196
3316
927
4568
5063
6821
7535
3525
203
3790
9548
7691
9532
2148
6383
4211
3368
6978
8940
8043
8104
4606
4936
6244
7158
3357
9913
5564
9178
9049
2285
7284
4538
1858
362
3106
5917
5795
9475
4846
8266
2724
5658
4900
9639
8504
2832
1276
1136
5390
3224
7449
2650
2130
2859
9738
2950
3301
3148
4435
6299
112
915
2890
6128
5683
4853
1295
7659
4588
2684
96
4551
4470
2983
577
3965
6548
839
1884
9689
9141
6262
6411
3112
1806
1370
5511
3807
5745
4875
7563
1285
6502
3469
1744
7761
8222
6702
5325
8872
9329
7940
1683
16
8439
9413
316
3715
7104
8272
6058
1800
9252
3942
9908
7222
4833
4119
2079
1140
6064
2489
4432
1310
3309
8314
2482
6265
2307
4699
4222
7113
7602
2816
2912
9316
2650
8856
1150
253
5421
1044
4961
2066
301
6590
3523
1134
5150
1488
8070
4898
7152
6107
7280
7077
2951
1077
2230
6427
6448
4826
2941
149
1897
2763
5456
8601
7220
6345
3038
8989
7486
509
4516
9389
3380
6044
5482
2153
7672
1531
7763
3475
8927
9991
2967
5655
4513
3784
8086
9802
2304
908
426
4521
7301
521
4407
6892
1608
2955
9116
9915
2978
7417
6012
8706
7536
4662
695
6684
8574
8820
7153
6085
9998
6712
150
8680
8998
6846
3142
1039
4168
3514
3094
6471
859
9083
182
2714
2675
7234
7631
6510
6009
2025
9041
9941
7787
2714
1728
5438
1011
943
3671
8320
8244
1934
7830
4853
2788
1456
7719
5813
1369
3992
6330
6189
5404
9130
6097
7097
4374
2349
7659
220
1595
3447
7519
1893
2211
1555
9448
978
7811
5282
9304
2120
6388
2797
6721
4481
575
8692
1624
638
6377
476
178
1038
5723
8719
3475
3503
6114
3406
383
6356
8192
7360
3265
799
4383
4929
4089
8225
2729
5134
7371
2787
4483
5109
7350
3887
3623
4962
1336
8851
2397
8256
7238
544
9086
9156
3012
1669
7894
8786
6984
4010
1737
7342
2948
9957
4327
2866
961
468
3318
6249
9504
1175
2538
9653
6310
6860
5629
2439
5509
2556
2930
6998
6588
3230
7405
9104
1062
7970
2381
1406
9942
4535
2959
1792
6584
3356
2778
5436
1167
7672
6761
1526
3341
4523
6117
8645
8342
9708
1634
4915
1748
6687
8764
3173
6152
4780
224
9253
3443
9865
8513
7455
2435
3008
7540
1589
5327
8737
623
2721
4757
9062
2744
62
6335
6658
2863
9736
6187
4571
5093
9683
1976
6946
1483
7099
3410
3287
6352
6636
3691
4631
8297
4931
672
2994
7160
9452
4294
5212
2725
9610
6328
8370
5933
2483
2480
3657
5322
9837
3952
968
9635
7529
6278
1169
5007
8152
9339
7427
233
229
9652
7024
4538
124
4746
8758
4525
6708
8921
5799
2486
5478
8502
4138
9560
8030
8443
7364
4256
9679
8724
6700
1367
278
2465
8911
3901
5493
9742
6755
2093
5912
5720
8058
1176
4802
3210
7965
3938
5666
9628
3411
4958
1801
3028
9165
1237
1629
1439
2317
2363
1203
8151
1532
8669
3464
5901
2470
6159
3073
566
9387
9307
5481
9745
8155
3100
7565
8739
2688
8918
5991
1225
8770
659
6691
3305
7432
2158
7589
1443
5638
5607
1975
3406
7323
5981
8364
5644
108
9841
2221
5738
2621
3949
2426
7134
2299
7379
2192
5779
9455
4623
5407
8391
7047
528
5424
5175
7230
3667
7092
4568
7301
329
3078
9222
143
5602
2312
6279
9049
4697
8678
2191
9322
8118
5634
2197
1574
4308
5039
520
1305
8153
7393
9925
1132
8484
2304
1840
8187
493
1808
4368
2046
3925
3966
8327
5681
5431
3586
9911
6797
7932
6708
5377
7756
1345
2904
4027
7553
5098
4474
6146
2654
5821
1421
5500
9853
5925
4457
5181
5640
6656
9621
3032
4027
3627
9147
4130
402
6921
981
8212
963
6069
3215
7796
5405
7604
5576
6653
1559
6943
3833
3366
7337
3831
87
155
9537
6855
4368
2038
2296
5328
3918
6120
778
1747
2126
5270
7675
2230
9773
7527
3635
5569
8461
9522
539
7265
7785
4680
2073
2423
9622
8889
7537
7878
247
4936
8791
4460
687
3368
234
999
5856
565
4371
5421
1471
2214
121
4923
1767
931
2118
8329
4416
7283
9564
9
2360
6710
9270
7986
8440
5643
9567
5955
4053
5326
962
6503
6978
5561
3737
1087
5306
1833
5762
4851
4398
7324
6593
354
3530
9363
9212
317
5610
4842
5504
6687
872
4158
5119
3500
5858
2242
428
3369
729
8517
677
9738
8882
9630
333
7431
8679
3460
4559
5353
8832
2283
6069
3428
2560
3320
9907
8532
7703
9984
6342
9177
1036
4779
9230
373
2223
3741
7101
7013
7547
5539
9633
8931
9941
9554
9718
4814
5185
4139
1060
4497
791
5830
4691
184
1275
8903
8795
6469
6129
3623
7259
1974
7977
5254
6687
4953
2913
2893
9960
3206
3394
5138
4315
8782
486
4779
227
5335
3253
895
4725
8396
604
7077
598
5986
6444
1763
5653
106
5291
3117
8663
3416
6915
5598
4440
8705
9255
2611
6290
9558
156
8285
6680
9696
7452
9213
1416
796
1188
5369
3239
9495
7995
922
4153
4503
4581
9957
4139
5076
3816
5243
1635
2552
5564
442
908
9477
7265
1536
5389
3597
1983
3293
1383
6834
9081
1582
88
283
4438
2900
1735
9516
6131
3993
7915
6590
9331
1270
3236
9657
4523
3322
5838
1947
677
2598
1831
7938
9840
2898
6124
4457
551
3871
3121
324
1071
4809
8992
9126
963
2304
8834
9059
3330
8619
4862
6976
6125
8070
4264
6444
8141
3458
5759
1829
6749
9225
7139
573
8349
665
8069
4007
4157
4989
2488
8783
4240
1890
935
7806
7837
2080
6170
9601
6812
2961
8802
2738
8735
2462
9558
4782
4717
8641
3367
2671
6085
6912
1863
1648
4162
271
2332
3720
9938
7339
2957
423
3472
832
1949
9905
2673
563
6815
1767
8093
9163
39
6035
8320
6046
4711
752
5465
9257
4290
525
243
266
3075
5135
8599
3229
9788
3879
5590
4899
6658
5555
1540
8796
1999
5900
2543
60
7494
6924
4094
2501
9488
6900
2835
4561
4593
6667
2537
9148
565
4829
6456
7451
8490
9841
1606
7070
1699
1156
305
7928
8742
8256
2132
876
4691
1264
2452
2750
1681
5182
7298
7553
6177
2296
3784
3590
6343
9624
9074
2730
4341
3643
8633
6099
4650
7561
7893
1643
1790
8064
5711
1780
914
8327
7097
1145
3583
2345
2110
6706
4047
5468
94
8995
2522
7887
9389
9835
9149
2622
1263
8814
6101
2525
997
6630
7597
9007
8526
6584
7279
1836
7653
5676
5939
9988
9229
9438
2542
7280
9257
5308
2602
5767
2699
3851
5385
9386
7960
9791
5533
9212
717
5194
4525
1701
6476
3977
6014
5474
9661
7576
3356
8867
4303
9271
9898
2153
3180
1639
2075
8353
9272
296
5900
3664
5225
2773
8190
20
3999
5892
5792
3627
3447
7921
8179
7734
4834
4265
461
7217
3772
6369
665
5889
6165
6091
3922
9329
2272
9222
2261
6268
702
243
7215
3872
6049
7421
8917
4178
2821
3982
2987
9421
1503
2971
819
8335
7817
1953
6480
171
6631
2354
2958
5301
707
5313
1228
9345
6243
5224
5692
9979
9658
9584
3899
2491
3689
696
8662
4455
3045
4189
4127
3218
9023
4766
7544
4115
1635
4737
2733
5520
1691
7431
9272
1208
2423
3353
7745
6760
445
3962
3132
9112
1478
4522
7325
5826
6808
1642
3757
1218
9184
4788
8647
8944
3023
9374
7576
2679
3261
3758
8303
5047
6346
8329
4431
154
3907
7654
4678
350
4342
6297
1419
7432
5466
9552
3793
5252
8454
7568
3346
9215
8167
9881
3364
3838
9584
7228
44
3977
4265
7406
6579
7112
1111
7209
6930
8656
586
2590
7490
7780
4380
8562
7875
507
9621
9382
2688
6577
4116
1689
4410
20
3443
488
308
8651
3852
1635
2113
4998
3040
7863
8719
4759
4210
8672
4272
9589
3740
3773
1221
4830
5262
7690
6686
1074
8503
9007
8882
1848
7485
4984
9752
1086
5824
6131
8276
6251
5540
3832
2207
273
1020
1450
3513
3134
4702
3378
5673
2777
1431
5362
6894
6421
4161
6947
4935
3007
625
3464
699
9879
3132
1569
6162
3108
3563
8540
1560
9746
6356
5984
9907
1407
5123
9910
3068
239
1922
205
8154
5102
8975
3470
3877
4249
7924
9715
3442
6057
9348
2488
6368
266
4667
6198
6899
6771
7683
1952
88
1967
4487
6372
8988
1716
3184
6601
1144
1470
4162
7926
9361
5097
9715
261
4820
454
806
5091
774
2909
5134
6887
5899
8216
4689
8829
5104
552
1608
3221
1784
9562
8503
6830
9865
8139
1415
5985
2023
7414
9217
5809
7049
3730
9108
3473
5654
2032
462
684
621
5353
7495
8568
1749
3283
8527
201
3646
6536
5038
8453
1308
4358
3561
4012
2963
6235
2901
9847
7790
4152
6353
1567
8098
7508
4823
5420
607
5351
3057
2166
8101
3485
4801
7781
9653
3960
6865
2236
1243
5545
422
1275
5313
4010
6586
5587
5262
2017
3437
9105
8576
5437
1002
2671
454
8127
1522
600
8586
7100
8883
452
3859
7975
8775
7748
1099
8656
5344
9472
4992
2275
5780
1439
8350
2996
3706
1759
1528
6845
7242
9011
2596
4042
5899
4249
4077
8175
3147
7731
7124
8112
2954
5134
5933
4595
1392
282
9060
3684
634
4978
5913
2095
9681
1724
1596
7866
5291
5483
1822
6976
4059
5837
8358
971
163
4553
3069
962
9916
7882
4553
7295
7690
6674
4574
9367
7823
2921
2560
3310
9171
4341
8082
9293
9321
5423
1847
6077
3395
8289
6898
3587
3808
1854
1969
2958
1978
1060
8214
888
2326
5075
2088
7269
4228
9270
3341
2861
3606
745
2416
2054
5360
5807
30
648
3123
7422
1273
1836
3375
4006
1640
3245
2379
6991
9312
7603
5869
9336
8467
7611
3272
5520
3175
2254
4864
3459
7350
791
3243
6372
9735
2187
195
5690
6400
2834
1991
8562
5768
7117
4699
9612
5123
6357
4603
1083
4874
3579
8602
5020
1753
2462
7516
3091
603
3941
3959
2938
1081
8096
6649
9933
4463
684
2691
8933
6846
2287
9822
2688
4372
3005
8857
9290
7366
2061
6056
7925
634
1031
4952
2206
8077
9211
4176
7613
2425
2283
9322
8617
8091
9043
4952
3425
4013
8156
8822
1833
2577
2598
4009
4237
8474
7966
1495
3491
6099
1924
7203
1174
6968
9959
805
6067
3923
1863
5287
1499
7759
5706
7784
6697
9257
7974
9179
8258
5957
8805
83
5191
4199
6941
355
7266
966
9537
7667
2453
5379
3697
9240
1256
9044
4470
8322
9520
7533
572
6645
5364
5737
