16384
9793
6994
7157
4381
3164
9289
3594
8561
6406
9440
9325
4647
1103
2439
9575
1903
9153
3071
8872
9143
3319
6605
3103
7471
4527
6767
8993
5840
8152
5512
6632
5835
7549
3205
3060
4806
7113
2626
739
8184
2091
2751
589
7594
5154
2909
6207
4047
1414
1723
1071
1429
6188
1985
7000
4224
4513
4566
3327
7068
8063
2017
570
7865
2067
2213
8064
3777
6774
775
5783
504
1544
8859
1414
5147
6511
8130
3473
125
5870
7345
2248
842
4775
1257
5278
1543
462
1523
1474
441
1632
5980
5545
6568
1756
4400
672
2188
3879
3864
9182
2938
9221
669
7293
1665
6615
6480
4368
3137
4472
4756
8830
2177
4446
1414
9785
9430
6737
4479
6711
295
8760
6272
4657
515
7285
3920
4089
5890
1282
2697
8209
5036
6539
2981
2703
5453
8899
4621
2010
4990
9867
2463
8502
3944
5019
6083
9703
8414
786
4380
3137
9308
6162
4001
8384
1484
7021
3005
9885
1870
3668
1721
7147
6642
70
3619
9193
6644
8891
4042
3329
2325
2407
9042
9642
2445
6789
6033
459
5816
1691
6
9239
5636
6803
379
2376
821
7345
3278
7638
5934
8763
3918
9746
3272
2159
3763
6891
2330
9065
7234
2852
3643
5971
2946
1874
1546
4838
2120
5988
5627
3754
1960
7816
6339
8251
1446
3160
1799
3003
7195
8858
7925
6191
7655
1622
2919
5313
8350
6225
1738
6009
5120
3577
7334
106
5343
6593
3496
7743
7588
8551
6969
1117
3894
7355
1027
135
6832
2624
1578
2477
6108
440
7777
8070
1762
6988
4746
8938
5345
7168
6094
5923
1819
6761
6296
2222
5423
8548
1355
3300
8088
6640
1971
505
756
7886
412
7939
826
4498
3473
5088
1306
8369
6957
7531
5607
8004
5611
7865
313
1513
3747
6141
4346
5244
3459
795
2109
7859
9151
7027
5483
7666
7324
7342
7260
1029
9518
982
6939
2406
9607
3279
6116
9253
4480
5224
4283
8980
2674
2415
9614
7702
1623
8535
4953
707
9340
9610
9858
499
7058
1184
9358
5161
2093
4174
5704
2951
9655
8127
5859
2756
5720
8888
6962
3518
4316
3775
9962
9748
9553
3125
924
1170
3
7053
7502
7111
9834
4512
3092
9818
5853
4286
4883
8743
147
5364
2655
8724
925
6241
8686
2013
7708
7016
1372
5259
6491
5741
8041
6141
9526
2038
735
141
2354
8622
1870
4753
8318
7759
9230
1715
2455
790
803
6962
9678
9241
4426
5928
8936
1880
4959
7253
2824
6576
6095
4201
3064
5373
6335
7375
6077
3546
7512
7125
9898
4154
4517
4950
9660
1332
7673
4643
2804
3976
2529
3572
9591
2772
4448
6381
887
5106
2026
1565
4025
1024
4483
2783
7161
1494
5134
7991
9575
3063
8757
3866
3185
7995
6159
9150
3888
2312
5894
6396
987
1874
9797
7894
6396
7753
8375
8897
8634
9673
3913
8373
3613
7348
3430
1760
5381
380
7243
1719
8898
5854
9058
8876
2707
7877
571
6883
9581
1357
580
9925
8635
918
2254
6067
885
9840
4670
8374
4628
7740
2037
1576
1456
7697
5929
2188
6869
4195
4548
1582
3170
9013
8464
784
385
5578
1265
5992
6081
4804
146
6958
7573
92
9808
2017
4133
6956
1703
5953
6038
6529
8453
4911
7220
2148
1649
8947
8403
6807
8764
6399
8565
6671
863
2993
2011
3067
1522
253
2943
3432
3496
990
8837
5383
389
9663
1223
4265
3660
9649
9812
709
2056
9659
875
3063
4877
3110
1364
7033
6703
3903
5698
1813
2988
6803
1524
3154
1160
2735
6403
3274
7680
6293
4144
9811
5169
1345
1885
5065
49
5378
2664
2241
4107
4346
563
3178
1041
2495
6692
4706
7920
1329
2886
9325
3418
8920
7656
8859
5879
4250
4157
815
9128
8170
7051
1572
9602
9149
7404
5659
5288
2199
1848
6153
1952
6781
4704
2316
3445
8055
2091
6663
8788
8848
8176
1553
6127
1241
130
6889
5884
2814
1454
7248
2200
1942
7428
9666
6862
5074
4861
5599
9370
5278
9529
4394
3628
4059
1315
9538
2709
546
7567
5949
2471
2019
5950
2622
8897
4730
6990
6941
7446
2333
5819
8655
8708
162
8951
4772
222
1838
278
6037
7108
3571
3068
9568
433
1384
224
6242
1216
8944
8370
408
615
9592
2713
3270
7524
8895
2982
5886
912
6075
9364
8351
3108
1488
8641
1762
5355
3402
9823
3278
9694
25
6074
4737
9780
8678
4278
3109
3364
198
9145
1017
4199
2939
4437
8668
9505
3875
4997
1728
3300
8048
2293
2024
2571
2473
495
7304
7068
7279
2619
6937
4051
7884
5289
1398
7388
34
3604
7079
1801
5062
8884
7992
9097
6056
5103
6210
8529
1794
7636
7328
3476
8594
9434
4276
549
2227
5320
6248
332
7783
4510
2972
8422
2344
7560
2901
8293
4921
4400
2138
5335
5741
3294
8517
9387
5694
1959
42
62
5733
7290
2792
394
4602
8434
2965
8465
2691
1708
8239
4300
4081
3933
8085
6425
4066
798
6292
885
2265
4733
8181
2556
8151
6839
7513
1544
6149
5060
9428
7990
7585
4452
8957
7218
2419
6099
9379
9569
161
8149
1936
6627
9512
7806
6699
2676
3923
2897
5912
7137
9152
4556
6425
2473
562
297
438
4978
2572
236
7308
9588
263
261
785
5412
9321
6821
6941
1212
8014
4029
3481
9265
1388
7774
2905
3953
2859
3060
2355
8018
9168
5611
3681
8837
9842
8303
5341
3137
1285
2859
7792
4453
3537
4926
2859
9804
6825
6805
4089
9566
7755
85
6337
8727
9526
6944
2251
3869
3224
3213
6740
7219
7464
2479
9533
3680
4527
4548
624
8440
1024
6591
1702
1651
9994
4472
5211
6671
4317
1533
4556
6786
9155
1809
6435
4647
8011
8339
7877
9472
4934
9176
5994
4275
3696
706
495
6917
1577
497
2575
7801
655
3738
1020
9757
3427
4087
5863
7063
6441
8097
489
7281
8843
4389
6916
5335
4520
1190
3616
1834
3029
6238
3615
3552
2483
5111
7026
4183
953
2542
6450
2356
2817
7697
3262
4766
8285
5184
4901
7716
1838
2964
6331
2209
3893
5342
7323
1112
5406
7299
6064
876
9279
9433
8288
4614
4211
1907
440
8557
1414
355
4950
3766
775
766
9143
4891
4698
3085
6075
815
2951
7228
1957
1815
9239
3993
3218
5941
1779
8860
541
872
7396
6613
2166
2955
2007
6663
4482
4025
486
2572
3697
468
3835
8967
1074
7678
9457
6002
3023
6692
5412
8428
9508
4333
9376
7817
9600
1083
2611
1764
8848
5566
9951
7131
815
7403
1764
5989
8410
7227
133
7707
9561
3775
7610
2208
826
7733
2536
7839
1109
4292
5336
880
2202
8729
3827
2163
4298
8582
6286
6280
8289
61
6125
6932
5945
1497
7746
9755
3505
8936
9933
7324
3567
4409
5456
7748
8105
3360
1895
2670
4659
3103
4674
7954
2946
9410
4479
8005
5173
5773
9909
6662
1015
9388
64
3311
7677
6370
8824
9062
6807
2404
7511
12
9452
6858
5547
9431
2091
7669
4239
6558
6811
509
5627
8331
9684
6649
1577
8766
9874
5985
3169
4712
4974
4712
4636
6620
6631
5401
6686
6140
9059
1590
2325
8971
5669
9070
3105
8067
6748
5774
5622
4378
4824
5524
7198
6941
131
428
2564
497
701
8793
390
4453
7942
690
3884
2836
4119
2400
4459
777
6255
5504
5230
4785
3424
6462
9560
8465
9270
2472
9435
6271
7867
6534
6252
2805
4761
8624
6541
8802
8635
1145
4804
5957
457
3099
5490
2907
9072
7250
3965
204
5231
3598
8325
6876
2100
1846
2224
5565
8152
2177
335
5388
9268
7225
9555
254
2502
5649
6472
6719
29
5924
5113
9948
7228
3608
3501
434
3637
2830
566
7170
2737
8696
9691
9296
4112
6062
2463
2986
3071
1752
2540
8668
866
3123
265
6337
2973
8697
740
1879
6392
5201
7525
6860
859
8545
6231
3424
2261
2841
485
8441
7634
4527
2264
5833
6956
3306
9783
8196
1941
953
9017
883
9935
7765
3773
9028
3150
7069
483
7818
4573
8483
2173
5807
1967
9949
3732
9121
3470
1620
5233
1740
3613
1254
358
4489
4385
9314
6645
7658
5414
8353
8209
2671
2481
8665
8709
2449
7301
8997
9531
729
4819
542
7515
4015
3073
881
5021
4638
8302
9904
2149
6504
2120
3951
9863
9085
7390
2996
5810
8826
6135
2995
1073
8601
2695
8614
5664
4493
8819
5793
4184
5526
6723
4597
7643
3046
3362
91
5034
2641
312
6309
8899
568
3223
1686
9301
9315
982
9308
1154
9192
2433
5602
6340
5586
3704
3291
8214
5654
4248
1781
5931
9109
8082
1113
5383
2233
9809
8938
9981
5811
9994
4289
387
2200
7669
8820
6097
8801
8139
1191
2351
8109
5145
7062
6500
162
3414
9953
4321
1736
4775
5850
164
6242
6684
8007
5036
6501
4780
7103
8746
9437
5741
8544
2125
3940
6887
2738
3581
1901
5667
3490
187
8889
4968
9016
6421
236
2346
8507
852
7360
6117
1055
6510
8248
5778
7720
7220
1945
7616
4416
3210
6725
3775
6987
7803
1292
9811
869
9532
2785
5654
2137
5118
9965
7418
969
9316
1450
8627
3918
1242
9289
4116
1190
5668
1884
3554
942
4155
6937
427
2340
1265
9585
7702
9135
6504
9864
48
2641
7435
6367
6473
5635
6620
1987
4619
4676
9970
4560
3382
8080
7477
247
8206
9978
6453
9222
8722
1777
5206
4871
3331
2497
8811
3799
8509
1748
1920
4090
5897
1495
6979
5163
3624
8558
3516
1075
1857
2871
2749
3129
2084
1504
9925
161
118
6321
4534
4984
5875
5122
1131
4187
4405
7256
7107
5100
6217
3298
3582
5232
6700
2705
3044
9317
932
2946
6189
380
1117
811
1859
2177
2948
2350
3033
6962
8927
2624
247
3594
8498
1714
6878
7492
5552
3140
8935
7
7911
6596
8137
7212
2718
9613
8121
1354
5497
3748
528
5338
7957
5700
7866
3455
637
3556
9822
1441
7575
3692
4016
7932
1780
7256
8231
8234
4534
9777
6693
3730
6565
9320
2796
8605
8363
5044
960
9048
6938
21
5554
2020
6180
3592
6491
1292
4162
7164
7456
3148
7032
4527
1007
2101
7564
445
302
3975
3821
890
3867
2952
9415
76
9976
2048
7239
5303
2958
2849
4044
1167
4217
8170
4971
7060
5300
2220
6651
3096
3497
7734
3242
3757
3835
1793
8671
3677
6696
5946
238
8601
4043
7
5697
6417
1850
2505
7350
3974
9764
9902
2572
5680
9569
6544
2983
9279
2794
2258
2399
7775
3141
6089
2162
9556
6926
5562
651
6593
3424
4717
1347
6907
9446
8709
9286
1196
1760
6967
7122
2516
9383
596
681
3127
2851
5080
2480
6231
7452
9122
3932
779
2949
6047
1091
9651
8927
9657
26
5947
1701
9637
8583
6550
5874
4108
4214
4075
481
8235
4000
6061
6216
8279
2139
9185
1575
4106
6790
8831
1801
1494
9281
1266
9639
8564
6009
5774
9696
3867
525
7277
7202
2976
9627
6273
584
4685
9000
6139
8953
4091
6535
8797
8639
5856
1482
9097
8102
3149
1059
3922
5915
1751
222
3553
6057
2477
1286
2163
9552
6831
5522
1729
4309
1271
2416
2484
6482
7498
3876
3942
1340
5737
8813
1143
7292
5294
3293
4834
5937
8925
2309
2872
3272
6819
5826
4570
8203
4844
5796
9472
9402
1917
140
2720
1136
3579
1002
7079
3203
2751
9021
1576
8055
6284
5910
9635
2874
3607
534
1746
8384
8948
3987
4342
949
4199
3672
7891
3429
4636
6817
8399
6753
5562
1913
6498
8931
6575
1662
7417
8798
8316
3100
7
138
3913
4189
6792
8556
4446
1876
2910
610
8882
8350
8712
6538
3837
6912
4201
2177
8448
4627
6116
5856
3989
5047
4252
9452
9920
7306
1500
1704
6094
1437
1744
3734
1001
5965
5338
6264
8895
8752
8969
4038
6238
2220
1241
3983
2946
5020
154
3028
95
6847
92
2221
2174
619
2277
9885
9797
4721
4106
4825
6763
541
7424
2779
7670
5002
3463
9895
110
7538
2189
7233
1587
2936
5892
2479
6060
9325
5583
1953
619
7189
1370
1849
4690
44
7913
8031
1750
2046
4575
4241
4727
4156
9271
8420
3498
2390
8842
2159
1350
4520
9448
5318
3145
5529
113
2073
985
8227
4316
1742
6282
6543
7866
6815
7969
8901
9222
6941
63
5762
9205
710
6799
8207
6713
6228
9024
4049
1012
5266
4344
1734
6546
1293
2509
3436
6059
5294
7234
777
1462
4057
2722
8848
5366
8376
3225
9810
9958
9752
1312
7791
2416
7666
8625
1504
993
3905
3673
7345
9841
5976
2366
2236
6612
7464
1679
6678
3604
8172
8848
8564
3693
6544
9662
7707
6474
6853
1626
8227
4467
5968
7425
9664
4371
7382
1489
6192
2430
2426
9598
4602
6897
5112
3511
2744
110
4642
5627
964
85
8559
4625
4771
8945
3052
2620
6601
4172
4226
6673
1460
8285
9501
822
6772
970
4030
7874
7411
5759
6735
1789
1730
391
7815
1138
5969
537
7258
9672
3315
9020
1502
8663
2081
8194
8112
2748
8489
929
7680
4853
4052
2282
8871
244
8447
4008
2315
2033
6947
6175
3241
8365
6126
9234
8631
7945
7899
2248
7201
7619
4184
7821
1956
2551
7643
4100
6254
3816
4895
1399
1318
1140
5961
4068
5114
6422
4623
3047
7105
9607
4516
6865
6609
399
7843
8500
5775
8649
2491
3797
5366
1689
8338
9782
7206
3212
1247
3464
8023
8089
946
6579
5064
2180
7389
6358
7256
7464
9537
1719
1083
8257
3401
7378
1520
9591
1021
8818
4382
4969
3829
1839
9624
9393
1264
4563
9679
9430
310
8001
4485
6877
7783
2418
9975
1745
2948
6147
7501
4039
7709
2709
5642
9423
7045
3002
2478
4743
121
5173
6315
6070
7904
8676
5496
1359
5855
8857
2573
5206
5030
3338
6559
2710
3861
1573
39
5935
7499
4795
7768
5363
3154
1892
2756
9061
2050
4957
2113
8875
55
411
4583
7588
774
379
6890
5541
2440
2852
4178
4781
5382
3090
5056
6120
279
2676
3403
4637
4317
160
5163
9521
651
4000
2687
6013
433
4992
1738
7295
5246
165
6708
7242
9828
3898
6729
1270
7706
6282
2959
2863
2710
1704
5314
8659
1103
542
9730
563
4355
9650
2451
6008
4588
3028
2872
8148
5177
5837
8731
8992
2694
9448
5137
2437
872
9112
1120
7574
6438
4316
1819
3381
9618
2524
3502
6260
440
5195
8981
9435
3975
6057
1396
7937
4744
8463
578
912
1134
7035
3942
103
5474
4412
5546
2834
8266
8557
6208
7651
6561
9186
8554
5735
6284
3990
2004
6169
3688
1034
8053
3608
6501
4945
6863
6483
8866
2103
9415
8572
5923
1809
4131
1148
8208
2661
2291
4665
3192
644
2961
9129
1118
6450
9889
4239
7385
7911
4577
2796
6701
2938
7984
3215
9243
6277
978
5834
901
800
7208
3783
7999
6840
6031
4077
42
8894
5210
9310
5799
3839
4510
3549
3538
1165
1568
251
496
2105
833
7779
8644
4097
7536
5579
9941
9185
7362
5551
6784
5362
2691
5197
8992
4820
8298
8678
8707
9046
8995
2626
6737
8457
5527
8599
8414
1827
6092
4371
7122
5882
228
7624
2466
7298
4297
1514
4473
7967
3010
7474
2488
7413
5510
6961
9611
8477
6768
9464
748
561
6142
2591
1890
8850
109
2748
4087
8100
269
122
3522
6444
4089
2760
3538
3245
5238
8108
1052
7498
5207
5632
6787
9383
4900
4340
4382
9711
9949
3221
318
8884
6214
1527
4217
3244
2714
4073
9921
5799
6133
7993
9045
9815
4362
3800
4539
8957
9591
4513
6715
8649
987
4593
6514
7242
2229
7878
3339
1280
7734
9030
3804
3598
356
8709
7136
3101
1912
8696
4849
6102
6487
118
2025
3198
8161
2100
9840
7999
8669
5168
9750
8397
7809
2154
7213
2867
4161
2416
8957
9922
5930
5983
3599
4364
9455
7239
236
2600
2132
4556
6053
1115
62
8896
1475
8124
4864
1389
6392
4341
9796
8740
79
7661
129
2690
1588
2399
2557
7672
4746
1470
9817
9871
3965
1936
7789
7532
2545
4175
116
6188
5072
6288
4133
1439
3416
6705
1353
9539
6391
9698
3093
9174
4002
360
5194
4431
2061
345
1779
5416
953
2807
3762
482
6277
7349
2948
1030
9275
9267
4302
9052
8114
4288
4450
5469
1133
2886
2002
1150
122
5657
9743
9742
7777
9798
8597
9784
6030
1709
4867
4794
5930
4599
2578
4174
2220
8648
214
2010
6820
5589
5860
2948
7783
9024
923
7954
3907
7606
3393
6308
1226
4494
4186
9889
6022
871
5569
4969
7299
1983
7325
2167
570
8417
436
4143
8491
6046
2891
2671
7356
1438
9951
6703
7366
8816
8675
6416
4665
3899
6831
6038
9755
2789
1102
2177
5389
7293
4459
7438
4822
8619
2503
3644
3994
7790
1721
1177
6703
6564
3781
3790
6544
5078
8283
531
9150
9467
6007
7102
2650
5882
3367
8729
2881
3541
7871
9256
5085
9379
9221
6415
2446
6380
4574
8609
6065
4511
8098
3229
9748
8898
3241
3215
723
6478
6013
5739
7389
3435
408
5199
494
1167
1339
1982
2256
2860
4307
6039
8484
8421
1967
7945
2703
1107
6411
7334
3095
7108
9372
4253
8265
5445
2453
9172
197
6477
8434
5659
4623
8051
1368
2562
5290
3070
1873
4350
378
2246
4698
5779
6719
4417
5586
6478
4531
4467
4763
4820
817
9523
5265
6923
149
4602
451
9108
9366
7672
7489
7440
4517
6980
6722
3169
5272
9029
8927
7563
2830
9280
1467
4588
9324
9168
5186
4147
1330
2099
4567
5695
9274
2780
4325
6941
5610
5708
2514
6772
8376
2180
2862
7836
4780
1288
8277
1240
6179
3510
2547
6322
2610
5555
2535
8420
4172
6518
1653
1137
6890
770
2889
198
6617
1820
3784
5024
8575
2305
1033
168
9872
1732
5196
7780
2142
2352
3165
3234
2585
603
5551
2901
6716
5663
1248
6677
9390
285
2369
3884
7763
9454
977
9964
7595
2343
7140
8798
1323
7492
8996
1610
2902
2842
1683
9804
1304
118
6823
7514
7632
3711
7710
413
9695
2581
1327
2499
1715
9350
1565
4807
587
2857
9865
8579
4775
3075
5145
8319
6835
3192
5736
6018
5069
7204
632
3246
3949
1758
4007
2415
2242
8482
8742
6197
2430
7661
5522
9363
6456
2455
2706
7442
8683
5967
9018
8195
3592
4207
5016
2255
6323
8282
8151
8625
4443
8451
880
4531
5146
9485
6155
7123
305
5697
5181
6844
1915
237
4907
1919
9356
7820
9982
264
947
2245
5152
5793
8324
4472
3654
8122
8447
8080
2479
3870
9690
7848
912
5561
4473
5450
1444
8962
5715
2686
8442
3344
7224
3933
3035
8967
6755
3174
3097
70
1840
8841
4513
6687
682
2031
7056
1045
4655
8188
467
4461
224
4126
3000
6030
9046
8983
7128
7114
5941
985
7048
9927
2594
1792
263
531
7988
4061
2156
9541
3072
6831
1059
4068
7309
8894
6089
9318
9550
4615
2385
69
4815
5073
3220
8270
6158
1321
7574
5615
7064
2096
6400
9428
7491
6559
2374
647
6289
629
943
796
6530
1946
2266
8797
4747
5001
7443
641
2899
8770
1712
4778
1121
5463
1775
8400
8587
2515
850
3965
3838
892
4409
9434
3971
4318
4716
8542
5104
8952
7147
972
8191
8910
3047
1922
5973
7125
5113
1756
1850
1404
6407
3152
3093
7635
8728
1422
7358
4790
8960
5081
3007
8393
1497
6496
5435
9563
284
9210
8743
5167
7144
7413
7966
3143
8914
610
662
1127
8824
1523
5172
6503
1945
4929
296
8187
113
1637
6006
6718
5219
491
4008
1181
2303
4452
1582
7148
7421
529
2613
7280
2045
7351
1534
7980
3795
3825
5138
9861
2609
7387
4876
4713
1269
8919
3879
425
9257
8103
8998
5295
9397
6073
6834
7914
7534
9003
4627
4973
7912
5328
3243
4230
6877
3581
5565
1152
8476
5592
592
6201
3067
7760
1328
3445
9985
8989
27
3298
2745
5157
2477
7161
9405
1816
9337
8333
6328
7940
8454
7227
3496
1770
5190
4065
865
2018
9244
7342
8324
4487
8021
662
6801
2290
4102
7771
4517
561
5298
4960
6032
4481
9793
1000
8830
4525
7435
8362
5955
9733
7947
4137
8092
6543
6947
9760
5060
412
8129
2220
8780
8745
8421
3053
4795
9727
3613
7280
9775
3166
3265
9838
3801
6981
2870
8867
8061
1443
2749
5417
1613
3527
7261
8245
2882
7648
9488
6357
5939
132
2747
3765
8201
2660
2486
1831
8828
3542
4500
4173
5141
2895
7904
4871
9612
7617
7073
7325
8580
3681
195
8034
5359
740
8452
7336
7106
5128
3090
2159
3374
3072
8179
4340
2939
414
6536
555
5285
6318
1378
7
573
9472
4387
561
6382
271
835
7944
3121
3377
6584
9566
2234
1396
6698
4459
3115
7621
130
3821
8387
8268
3488
7308
8982
9788
5710
1285
1738
8936
9695
8668
9602
2051
1936
974
2332
3017
3857
2649
4963
671
1805
911
5649
8121
2860
523
4190
5439
9220
2006
5406
1881
2782
8588
3052
6258
7669
6665
6832
2642
7892
48
2824
7977
1313
7374
1577
5280
3141
7578
1450
105
6095
3509
6731
4002
7826
9687
3226
7611
4767
8917
1383
9199
4836
8166
6180
1146
1469
5611
4051
2847
5289
7196
1773
4859
3958
6437
3416
8699
9592
9819
4836
4369
9330
628
5150
2670
4598
6286
9764
3094
9440
4015
5238
5860
9727
2207
3853
8967
2989
1402
2632
2960
9385
1988
8880
3136
8963
4385
1363
4259
4648
9077
2187
1124
4945
3850
1061
4479
7989
4782
9194
3167
7643
5047
103
7135
8385
5461
5046
9286
5774
8486
1479
9563
2418
7949
4321
8702
5768
9702
6399
4485
3810
287
2807
5545
3583
4745
6235
5826
3185
5854
8203
7354
4234
3419
63
1769
9262
3477
6458
3712
6542
7234
3609
8323
5672
3567
4280
9067
4161
4299
4747
1163
4748
6820
9118
3531
4317
9558
5191
7163
5304
6254
2277
3669
605
4608
5930
6518
9592
1918
4217
1178
4635
9099
9859
1116
6253
5787
2313
5324
2611
196
6298
5725
9471
8653
3701
9452
3389
2727
8591
2304
3068
4425
8441
660
3948
9611
5618
172
2567
3369
4652
3250
9839
9908
1890
4146
5473
4801
7741
4644
1348
5546
3649
8304
9951
4176
7056
6137
1384
7170
3415
6323
8676
8622
9643
583
2547
9062
822
3626
447
471
7938
5905
7280
7670
7080
5728
580
6518
7265
3555
8304
2559
1942
9351
8681
7409
3691
1998
9710
9146
1059
9637
6121
182
8001
8305
40
5547
1986
7173
742
3863
850
2572
9746
5691
6391
5673
3492
991
3541
9216
6486
232
9644
8535
7353
2471
2338
817
4912
801
2533
7733
7138
3155
3105
8844
5268
7058
5152
6298
9637
2171
3888
3556
5330
3229
3835
5158
9472
9594
1574
5292
8292
8080
2601
4536
4502
5069
2610
977
1987
1485
5979
2384
6410
6879
4913
5583
4730
2839
4940
9444
4820
7123
4980
6804
9867
160
5229
5789
9447
9875
7297
5095
3445
2359
5010
3383
7685
5582
1470
7052
7702
5446
1286
1069
3803
946
7472
7007
2824
9671
4893
1631
1919
9477
2694
4803
2307
7226
6405
1260
703
2220
6833
844
1209
2822
4291
5813
9001
1945
2661
2947
4609
8667
5451
5717
7663
9467
9399
2770
8509
282
4420
6513
9156
9876
6621
2293
9238
1554
1685
1539
5414
6508
8540
8158
1006
7938
4903
9525
7671
7805
7426
9155
2850
2987
4853
9288
8656
2950
6591
2695
1564
2209
6793
2172
9269
5754
8124
745
4871
8063
7806
5803
3758
8901
8539
1297
3150
1180
9464
9744
29
3676
4975
3038
5343
6933
9248
6308
6720
3761
8819
1084
4659
4090
5742
8578
245
4635
3031
9230
3325
8645
8725
379
3876
9168
1289
8952
537
9762
7025
885
760
2708
7470
4744
6525
9201
2316
8824
1143
8022
4547
5138
7142
3804
3240
7958
9037
6508
5065
3795
1904
9328
619
7187
4381
7281
4767
4871
9989
2727
5546
2412
2391
7393
7352
900
6895
2871
3906
9772
5225
6470
1551
6979
7532
5016
9532
9255
478
9167
2355
9332
1371
8677
3576
9903
1939
3772
9925
3782
723
3362
5101
7685
8689
6858
5200
36
705
6607
8233
8193
1115
5948
4117
3670
4169
6993
7948
6211
7305
8143
9206
5479
5399
3075
1080
7302
1056
2557
5302
8205
7301
3970
6971
7040
7232
6550
694
2454
86
9076
9190
2481
7252
8431
493
6685
2236
7425
9980
1645
6813
7474
1572
679
6060
9626
3386
7698
8184
4867
6175
2699
4989
7094
1742
6791
3772
8334
4126
5019
3567
4233
2410
8368
678
3798
3270
8446
3081
44
5639
8748
9632
5968
6381
1347
8758
5684
9220
4144
5855
4880
6135
7072
1826
7414
2763
1953
3676
8073
2523
3611
7995
9562
6747
3780
9015
4887
3780
4743
766
2885
2039
668
3319
1328
9813
4728
3685
1557
5232
3597
5874
9025
6320
2148
9604
4283
8668
7285
2018
6328
2798
4347
3976
8348
7411
8559
7672
3456
43
8278
4879
8881
7672
5815
7039
9077
3078
1134
8984
7152
1035
9015
5848
2448
7577
7422
5324
1189
3564
3482
3987
4819
8116
4178
9994
903
9848
8736
9907
7890
2355
7559
8042
6415
1028
6243
572
6310
9233
6346
4477
1429
556
202
858
7834
4763
3844
5501
1836
6897
3428
3425
5267
4410
5112
3020
9508
6165
9289
9547
585
2374
5612
3672
2037
6659
2765
2575
908
9059
3243
5749
4792
411
4898
7707
7384
632
6658
5494
6375
3794
4161
2000
5180
1785
2278
9510
3738
550
288
9770
7404
3989
7591
8343
9858
1500
9833
2908
9069
1876
6206
5454
5288
8332
3795
1234
4489
3417
7249
5217
2759
9658
8729
5308
7605
4594
4143
3074
9820
7377
1631
1654
6857
5822
4524
7409
8636
1335
6290
9050
6314
4188
9502
2514
7392
9007
9466
60
527
3877
2793
7980
8247
4811
8757
4142
9851
7872
7286
3153
2259
9396
7263
1234
206
9914
897
224
9434
5179
6245
1302
974
905
5764
2264
8293
6500
7969
6161
4064
4663
5529
9095
9618
1754
291
9370
9291
7241
2476
7321
2571
5657
4006
572
1665
8166
5759
2619
9867
7597
7908
2680
3085
8281
2922
5110
5819
2899
7372
5755
7632
897
4893
2461
6727
7948
463
5495
8299
1654
1103
4725
5335
7678
7736
4923
4755
1070
3280
6588
8877
7220
8900
7393
1237
4421
7574
884
2357
7324
2764
4022
9095
390
248
1234
2401
6267
9812
8615
5631
1058
5186
7851
4686
3401
7310
8509
3440
5842
5290
7982
7123
9858
3993
6010
9802
8479
1462
9573
7433
1499
4422
2045
2253
7768
5046
8877
9611
5326
3089
9538
4530
6875
9597
8991
8024
943
8318
2893
6253
2236
5817
8729
4010
9458
2521
9537
4503
720
2565
2967
4521
8165
4578
5478
9226
2648
2110
3869
4992
7899
3897
819
101
4639
7366
4473
5032
4019
7543
9743
5466
1848
1535
9508
8712
9462
8718
1150
1030
8402
4703
8249
846
4730
3300
2751
9153
1121
2612
376
4590
54
2691
6190
4378
502
4650
615
1360
6491
5945
3132
914
7657
5243
2084
9747
6449
9409
2317
7693
8784
8819
8866
6979
1996
7535
3858
4991
1889
3330
8270
8132
3591
534
1712
5799
7943
7172
4661
3798
6039
7550
8105
9426
840
4796
4751
3875
1976
8651
7856
351
6038
8112
3248
2229
4529
5950
859
5881
1018
4360
5184
4293
4643
8638
444
7164
5417
1091
8499
627
633
46
4533
3926
7832
7361
4131
898
1016
9744
5365
5888
4655
800
3393
401
7283
553
8311
5020
7218
8661
549
7509
5512
160
337
8044
3581
8430
6311
6897
4193
4909
9505
5130
4342
1944
4917
374
4434
4851
1019
8785
8955
4202
7082
3194
8766
5953
8610
3794
8699
1021
1113
168
7865
8434
1260
1104
9075
6380
508
6796
5766
7529
1441
5421
3909
999
238
9466
1889
5414
5130
3728
2192
2964
2587
2536
7425
9919
6869
2038
8956
3804
8340
1902
2929
5991
7738
7822
3216
1770
371
5119
3749
3718
2821
4855
2526
8735
6379
7873
4778
8608
7574
8257
2412
305
437
4731
5752
6482
6052
3993
9117
1845
7244
1024
4889
3089
3455
8665
7366
5695
9988
2192
3529
3166
3061
8025
7858
2007
768
9498
3117
403
8460
1822
632
7368
4297
8886
1167
6086
3720
3546
4154
1486
263
1147
8096
7811
6748
754
8153
1545
1395
9218
5442
9122
4230
6847
5710
6365
6558
7831
433
8980
2195
7620
180
6574
4546
4413
4734
7290
8979
8600
2450
6806
7905
3215
1846
6875
6355
3644
3724
4745
4673
583
9778
7496
8038
8331
9097
3927
8567
2567
4409
5779
3773
6269
1067
3490
7892
1894
8358
6784
1947
5873
5274
4175
5533
5093
7047
8690
6679
4230
1617
1104
5768
3800
9409
8444
9562
989
3152
2501
6648
2728
6138
3898
4466
1304
2757
7850
5583
3187
1812
6981
1223
1744
7368
8987
4396
4778
3371
7982
7515
4901
300
5063
3600
2131
5818
6957
4009
4329
4678
8612
3922
8018
8819
5923
6502
8826
7708
3362
2245
9280
3785
9921
7513
9314
4249
6468
4869
9411
6196
5732
970
3332
4453
7934
5876
3633
3738
1709
9254
6001
5163
1541
8064
30
5444
9192
9018
6968
7058
2375
550
9199
8392
9439
7774
2352
8538
7561
6466
1283
2442
5686
7774
2799
8856
1519
4131
8907
127
479
9313
4575
9277
8066
952
3678
3217
2757
5676
1280
658
4322
1327
6712
3
8683
7870
1814
5601
8251
3064
1850
5134
5959
2199
8284
5554
2462
9098
9914
7307
647
9409
4452
4229
8503
7244
8375
736
5990
8248
1867
4404
3496
4237
9946
7698
6900
1977
9726
3420
9014
5465
7922
6440
4864
8491
7142
6199
8018
2548
2173
4255
6364
3877
7547
3957
7503
9054
4048
9358
4161
4571
54
9413
1060
8264
4844
4742
8780
7846
7881
9480
212
9192
4676
7379
1104
9615
1912
586
2670
6985
8460
5550
2956
4097
6216
1415
1593
2701
6203
1399
7089
9511
5959
6094
4653
8006
5010
1302
7671
7947
4189
6460
8261
2147
8813
7792
9082
7238
7205
6033
2572
2215
1566
8653
2785
8943
5269
7998
894
419
4854
7134
3930
8740
9507
5942
2265
9002
9877
9556
6641
1320
5894
6016
4513
944
5433
4798
5655
2735
2384
9417
1766
9005
9500
4963
6231
1594
6244
5501
3502
9666
2751
2125
8017
6439
8328
1878
6886
2974
12
2211
6696
8256
1258
7287
1082
7284
5934
1514
8105
5952
3941
6387
9959
3314
7632
4257
8559
6599
6191
5773
9249
1409
8752
7378
5253
8633
3563
7861
9159
51
8391
9698
3368
9287
3884
2178
8638
7241
1188
3643
4243
9074
7184
3825
9478
5516
7618
4437
8392
9549
4358
1099
1164
6877
8736
6222
1621
6000
9689
5274
8477
3271
4265
3890
394
3945
398
4148
7829
8080
1568
3794
9278
2081
416
4557
5760
1092
6864
687
5157
8831
1668
8816
7584
3166
1631
3399
8718
2572
8363
5641
552
6089
6593
2568
4996
6460
2567
9575
5683
3916
8501
5795
7105
6895
3985
737
1678
7886
5173
8767
7737
5092
9829
4259
382
1233
6330
7943
8003
9824
7627
9832
4821
8117
3015
2284
2093
931
9289
1380
7389
6523
8702
489
2731
1496
9392
6072
4951
3643
9909
676
5665
5550
5756
1711
6717
3450
4443
9088
8040
1244
3589
6827
8521
9102
7327
2801
6427
2789
6787
1036
6125
4833
6752
6670
4913
5027
6390
4977
6711
8042
3177
8719
3587
5253
1568
1250
4700
9176
5449
8252
9263
1203
7006
6765
1122
2577
2136
8020
6133
5102
1866
5923
6290
6644
436
5559
4093
7105
4851
4243
931
3135
6287
6063
5861
1836
3535
619
7063
6012
5662
1588
7201
5927
2351
3549
8149
310
6856
8556
8642
4103
5122
9671
2695
4358
6719
9748
8171
7272
4909
4589
1948
8172
4462
1046
7399
540
2610
9030
3308
5719
248
9974
676
5989
3137
4747
4545
1071
9422
8586
7217
8057
901
4192
721
1045
5107
9361
9949
5867
8550
1774
7853
406
3755
5324
6557
3607
347
2195
8777
7913
9058
4309
6216
2575
3070
3502
8558
3598
4259
3557
9003
3389
3027
1233
5258
3160
8973
5445
5338
9427
9421
6202
1111
9047
3527
2892
2477
6586
1467
7507
3322
9531
3506
5736
385
3364
4419
8624
4837
9885
12
5433
7780
6605
2516
6165
7352
2751
4290
2412
4820
1449
250
913
6934
6300
6813
5043
7961
6039
2932
7725
11
7169
7340
5578
6760
9896
7035
6229
8012
8469
8355
2141
6982
5961
6163
8239
8959
5894
7039
314
9014
1549
6341
3735
6392
7426
2191
1937
5273
8076
2128
5315
5448
2450
4775
2073
5398
5388
9549
102
8001
6336
3472
2536
4292
1645
9396
5885
4383
9276
7454
2637
657
7290
2734
8870
7811
9567
23
2002
9904
4617
2325
647
1557
7523
5609
3409
4280
9039
5636
7711
4455
939
1900
288
7612
4146
6235
4552
6819
8018
8431
8543
6432
1809
6059
4175
5108
369
9528
4174
6197
8122
8902
8292
429
7804
5741
5609
7849
2638
6084
4351
402
9649
659
4000
3336
8635
1498
70
7616
5916
4765
3064
6025
4797
1812
1218
7164
2889
3204
810
825
836
4383
2138
9264
4178
4904
7602
6727
7544
755
1226
6482
8700
3710
3990
9445
5307
973
7207
9493
1781
4399
7527
5922
3987
6526
7592
4319
4984
4230
8190
8671
9695
8572
2063
5607
7134
7860
3681
2903
7942
7717
4137
1164
2560
5031
4349
2082
4867
5379
7171
5265
6178
1503
6297
6250
9672
5459
6439
5260
7277
5775
970
7273
5653
8550
1542
9088
7972
7225
2334
348
4630
3368
6776
6910
6044
6329
8650
7692
4202
2869
6698
2049
3104
4501
4149
8407
6434
7792
863
6131
3660
9797
5345
8096
7028
3344
9467
8544
3412
3524
7775
5662
8313
6115
278
5967
4327
7360
4653
9011
3882
3143
2875
2969
7098
3114
900
6122
6328
8672
4074
5344
428
3952
1027
9343
5615
1576
7724
6002
3541
9801
3198
7132
7383
7558
8545
825
8578
1629
1522
8001
500
9688
3875
8494
8122
6258
1679
4421
8114
825
398
382
4474
9723
300
1242
7850
4659
1997
4512
5593
4944
7118
3660
332
4264
9582
3414
7832
1057
1403
6382
4590
1062
6666
1754
8018
5842
2855
5536
7722
8896
8156
5902
5310
7319
3696
3539
8093
463
805
4749
1850
3790
4380
7870
6718
5203
9515
1583
1836
9193
7362
8605
5607
8709
2851
9708
1132
744
8865
5856
6536
1335
2409
7026
2893
6223
9428
234
5703
2348
4327
6546
5714
538
1375
7762
1672
6124
1195
6800
2695
221
9167
4464
7013
1491
1493
6440
7182
6650
5366
6572
200
291
5917
3692
5255
1221
1509
2582
8700
4528
4829
1965
9478
8615
587
579
9433
8218
6263
8556
394
988
4151
185
5545
3789
6849
4662
1821
223
6468
828
5663
4261
2355
6332
8938
486
6440
8006
3754
2766
2802
7200
2092
605
2846
4975
5912
8096
3368
3011
3860
7832
8460
5233
2317
0
5585
9617
6888
1166
40
4023
8591
9822
3793
5680
8968
5821
3630
796
4938
6386
431
4482
2510
6855
6538
2048
260
3289
1070
249
3654
2473
3560
7999
2593
1563
793
7716
5577
2260
7036
3690
721
3656
351
9544
4648
392
5072
1224
2821
4306
1067
3022
4590
8683
6501
6034
3555
2028
4407
8877
9790
6869
4400
2227
4559
8213
9948
2882
2626
3178
3188
2379
8150
5827
7520
1885
5544
8585
332
6582
4887
4976
7567
2065
9735
9239
6944
9364
204
5698
5058
670
7697
2145
8397
8058
4376
8504
1722
8859
3259
4547
5823
5766
8702
762
4725
8495
4207
4743
6166
2920
4116
7505
3636
1912
6045
8157
1577
4066
8195
9233
5802
8560
5344
6540
5060
8685
7333
3017
7094
7948
3678
2980
536
8454
4017
2912
941
8243
1963
9719
4248
7214
9865
8321
1319
4779
296
4074
2790
9146
5574
7298
5765
5797
2557
3272
2296
963
115
70
4171
5177
2890
5775
3218
4895
7480
532
3587
559
6920
3128
5314
4051
7932
268
619
6508
389
5697
1306
6463
1300
6517
7064
5752
3788
1330
9686
3323
7607
8386
9402
688
2216
5768
5927
8695
5664
7490
6189
1212
1671
3594
9934
9475
7775
8371
3495
9601
3568
9931
7101
8055
4019
4685
5033
2160
2233
2133
5888
7174
5774
8791
975
2224
9405
7508
5219
194
4987
136
3734
7384
9923
2650
9879
5737
8677
4603
9056
7978
8240
7045
9724
3971
4516
5598
5245
4005
397
2034
3319
4587
9962
8887
483
4547
2962
3270
6762
4539
4159
2331
8715
7484
6139
4591
1002
9887
9296
6890
147
5430
9085
3762
9353
7478
7422
4263
2545
3832
630
5584
6102
6572
6032
6373
2308
9572
6880
8977
6554
4229
8308
6464
1323
3626
9997
3832
9308
393
1476
5979
6094
1271
4680
7169
9631
9561
1701
3123
6658
6921
6101
4858
5718
6513
308
7725
3175
9256
1709
372
9673
7667
7185
5411
6473
1923
7631
4932
5122
9152
4127
2659
3915
6610
5603
4134
5009
1554
8633
1235
4134
3213
5288
6911
5305
8902
9757
4894
8484
1471
4364
5824
6926
4872
9507
4020
4652
8590
302
3607
2241
2472
8264
590
2008
9417
5564
8496
466
1360
3961
2680
200
127
8471
2307
3954
8070
6106
3118
8351
1397
8738
4757
4652
6128
955
4689
8407
3040
7937
6640
782
9863
6405
9706
9515
8212
3649
5079
4885
2443
9197
5420
3811
7944
9374
8845
5095
4078
2557
4768
3896
5052
8104
8700
6940
7961
1907
5264
2822
2173
4953
1993
2909
8419
9020
2340
7759
2834
3473
6106
8955
4968
9468
826
2152
6105
5919
3767
5706
2150
5472
742
8904
1304
2159
2962
4666
7960
2310
9389
8887
7635
9647
5763
8964
9385
8345
8238
5299
8841
9955
8022
2932
5459
1002
6688
5199
655
9441
7814
9569
9792
8456
7576
6204
7495
1677
3542
6806
4300
9064
3025
7783
336
7043
9201
1344
3995
6952
4034
1884
3539
9581
3031
3893
1944
2069
249
4908
5721
2838
1884
241
4562
4025
6525
5579
9917
2926
1384
8099
2740
6653
8300
9225
768
1856
7850
4420
9330
3100
5941
7094
9153
3605
4481
4788
3039
7477
7974
6509
389
1314
1510
4361
6847
393
450
8015
8264
1193
9809
9788
2280
3171
8232
4972
6143
4066
3659
8117
8
9271
2949
9239
9353
2224
5809
6420
1152
2078
8342
4822
9902
4147
8638
366
8121
4509
73
7528
7114
4951
7057
6598
9674
5995
3582
9107
5834
7224
2339
8770
7703
1091
9077
4160
2298
6976
3068
2585
8693
9232
6684
3469
5810
423
8759
5318
8331
4870
9908
1531
1886
6985
8567
7526
9081
7237
7976
2411
6597
6314
8929
3434
1888
3896
898
1742
687
6379
7087
353
1116
8879
1207
6591
5209
5658
2522
4656
7994
8857
3875
6526
7852
4866
7617
9371
8177
7422
18
231
7377
3942
3164
8523
8864
5692
8780
3254
5329
2541
8527
3640
4544
9404
5808
3887
4975
7334
5943
4784
8196
464
6337
3471
1148
7536
2042
3986
1068
4187
7996
606
80
9277
6029
1122
7985
2752
4186
1645
5142
2745
7661
9040
8248
3041
635
165
5352
3114
7200
6632
1433
4098
7688
5741
8767
2643
3211
590
4389
4278
6158
1271
9828
6178
4273
3857
9160
4997
6389
9267
8723
8394
9753
6949
899
2466
6453
365
5914
3058
5232
382
2947
2436
7903
5382
1482
8693
9977
5938
3054
2022
2083
456
4474
5885
2538
2268
5090
2091
7106
5325
4714
2834
9918
9694
6523
9047
9076
2283
2925
726
2671
9059
3898
5411
3934
9670
2764
7825
5188
1844
3193
9303
4278
6241
9190
8840
9527
2353
8494
9710
3145
8896
8693
8731
1176
3835
9072
2094
5244
2080
8066
5538
7143
9930
6284
8880
4450
7358
7158
8764
2730
7396
1105
7297
2269
2913
1603
1460
8617
5692
3054
1715
9899
9621
5078
7024
9016
9950
1218
2256
9158
5403
5426
8252
1409
4663
2620
4113
9795
6019
7671
3224
7486
9397
2321
4728
6014
4628
2899
8378
2529
6869
6655
3378
8263
7451
3628
6324
4861
8521
6201
2771
2322
3755
732
5007
747
8228
7969
6628
5975
4960
6529
9478
176
9672
9333
7025
3900
4205
1819
4380
6994
769
3106
7120
5008
9583
1376
9136
7482
4178
6307
9514
3900
7880
6990
1768
9336
5001
8558
375
7019
9155
7311
8736
8402
8205
4330
8574
2034
4036
904
923
6134
9343
6621
2440
5581
361
31
3499
1670
4384
182
659
2581
6647
6122
3668
5375
6304
2309
2412
32
649
6595
3147
2342
3417
5212
6070
2784
4740
1518
772
7297
3499
3822
2787
6952
3366
8380
52
8304
4357
6911
8993
7343
6378
1731
935
5145
7625
7968
5918
571
7709
692
8429
610
5043
5799
4018
5870
6018
1254
7870
9238
4701
8994
8011
4798
7796
1395
5212
4778
4820
9989
4971
2173
4221
7663
1959
7345
5688
623
2754
2369
5162
9946
2506
2315
4305
1541
7407
8745
6023
2458
2633
7608
5745
8680
5722
8870
4339
9024
653
6793
4027
1984
3605
5065
8478
1163
9276
1156
1892
6992
889
459
2825
1406
3490
4745
188
8818
7824
2000
753
1835
264
2488
7972
3655
5000
5493
9329
5862
8324
8517
2446
3260
1993
7618
8994
7518
6500
6595
3481
3059
8605
7690
4156
1284
7719
670
7848
4696
2589
8715
7665
4875
4261
3436
1850
4971
8086
2082
3420
4757
3924
559
6526
7063
5397
3947
2485
6093
6026
8534
1207
5637
7315
3541
2081
3331
2238
1559
575
2029
9232
4211
1080
9780
6879
2796
5845
2136
380
4476
8547
4180
7660
2580
6840
5027
9170
8028
1954
6819
3009
7905
2208
4725
6408
7812
9358
2132
6208
720
4942
6730
7782
8380
9548
1371
1109
3137
9674
5769
4905
4085
8848
3716
2590
4589
9258
8296
1885
7869
460
2729
5263
4021
9412
1701
2039
2421
9958
136
3705
7726
872
5900
2950
3198
7512
2137
1001
3227
160
5582
4612
805
9510
1522
997
8926
9487
9768
1090
3786
1006
3596
4128
7106
9933
8592
7944
5993
8310
8660
2110
1856
6649
566
627
3094
3059
3484
9542
801
1290
3983
8241
6727
3765
1880
6256
9199
1468
342
2528
7212
7922
1635
4561
6423
7896
9898
6872
7018
5956
2941
6815
983
7206
2650
4850
1242
8771
2278
2384
8288
8135
546
2246
4376
2362
3811
5219
2652
2814
5593
6084
9255
6386
6209
3442
5001
9188
6930
5532
5639
5397
5785
5156
5406
9033
7314
3945
6598
9328
6810
6222
7883
9008
2403
7511
7
8703
3110
9913
7061
4974
3241
6132
7849
8614
7707
9020
1155
8671
6392
7744
566
2422
847
5447
9948
2651
6633
3311
6764
1349
812
8636
9713
5401
9928
3752
294
2663
3952
4345
3679
367
1984
8471
7703
9855
4106
2657
7216
835
6463
3427
9237
632
3043
2648
2063
3089
1248
7902
189
1897
8195
9809
1531
2966
5764
1122
105
8266
8728
7434
1379
7254
6099
4395
8728
2970
9093
9608
3578
2373
8823
7337
292
5200
5178
6932
173
6540
286
6695
8035
4602
8640
8376
8756
1923
3600
582
997
7695
2353
6127
31
6616
8800
7819
7839
8481
3931
3749
1395
774
1272
6322
8497
4641
9856
3303
3919
5029
697
7978
4811
4517
4405
3080
3099
4357
9313
4980
5092
5132
3985
8121
848
6414
2921
5794
6370
2125
4377
9963
9404
2053
9916
8429
5331
7401
9026
715
6434
7238
9507
3656
6787
4325
88
9107
7223
7989
3355
3806
6771
4699
4489
5537
3274
8202
7287
3818
2286
539
611
9706
6337
8543
7541
5470
7077
8693
9510
3772
8455
287
742
1844
7140
1941
1431
4668
7732
2261
2549
5984
176
6134
7248
4955
9033
1107
2669
8146
6719
9671
7551
1779
8841
555
6373
1816
5709
7752
4807
2057
5406
7980
335
5592
600
5557
2369
3061
4301
9400
358
395
8450
1359
4998
9472
7671
4242
7397
2229
2701
9843
561
2811
507
2226
8834
79
578
8363
3897
5282
8049
9893
6470
6391
4771
5219
2808
1384
2357
2160
9020
3817
4984
8043
6406
6613
6763
277
5833
5541
3343
362
8596
5826
7193
4395
4979
846
1980
6951
9142
1027
999
6811
5602
3586
6386
7862
3417
8554
919
4443
5880
1594
1676
8128
7705
8113
1127
1860
6342
3025
556
8417
2159
4060
4160
5586
346
3125
5347
6301
1069
3040
5981
9140
5952
2716
9538
1616
376
2529
1325
9457
2489
1238
5490
4352
1604
6055
5712
839
5654
7037
6364
6084
7347
6997
8856
7486
2176
4096
1942
1540
2809
527
5140
4745
4029
6321
7669
9890
4977
3507
1434
9392
8193
2417
7824
9609
3553
5217
4413
3739
4667
953
9432
1474
5260
3857
4357
3957
6090
5295
3683
9322
9981
5151
5951
6021
2824
7751
8958
6923
2829
3145
5186
6477
1971
3113
8134
564
9646
9220
6183
9342
6786
8961
9013
7649
8499
9839
6011
4090
5117
8956
5520
9141
4154
568
953
7469
7662
6045
4937
284
3452
3835
3265
8042
7696
6138
6866
5893
241
2370
2597
964
989
7851
6700
2505
870
8278
5536
643
117
5465
440
3222
7721
8646
7866
1141
6062
9728
6171
1666
8998
5750
5461
5263
4334
2595
198
5539
4582
6422
4328
885
7824
3971
2019
51
8271
6081
7672
6131
8638
1597
2248
9098
9782
515
6146
4178
7977
8719
125
9626
4162
9928
5026
8255
5866
5284
1912
7971
6421
4128
4474
6474
7064
7248
9432
488
2653
7098
1323
1098
447
1510
1966
2764
3450
8461
1345
3780
1521
7404
1225
2290
8340
8445
6590
7949
9070
2359
3763
2016
702
5385
5637
1144
1133
4545
2823
4415
2866
4862
2352
7978
8654
8708
5183
4309
7381
2097
9280
6980
8748
1167
7433
8123
8982
8021
5642
2428
7184
9909
5054
390
769
397
4017
4659
7774
1717
2046
9642
9043
7041
4384
4806
9726
8010
3383
406
9242
1009
8617
4427
8950
9892
3796
7269
6225
63
2753
8566
2000
4441
2159
3757
1696
1524
4440
8403
2289
7289
8217
141
5371
3923
647
5087
2074
4710
9263
896
6681
8192
6588
6761
7590
1905
5981
9434
7827
7055
2424
3169
2711
2766
4024
1142
4991
4164
3911
258
937
8035
9065
5131
3969
202
1833
5280
1947
7086
1750
5604
3321
5468
5817
4722
7469
9562
2033
858
1341
403
9467
332
6998
7673
4696
3448
1854
6369
4554
7888
469
3721
5593
2475
4124
219
5341
1041
925
1747
9168
3031
3152
1721
39
2433
6521
8208
9446
5938
6598
4114
6703
4363
3519
4179
5251
5987
4770
6575
9690
8057
4950
8381
2013
4780
1600
9804
2018
9498
5315
5870
6300
3724
427
7255
199
625
8158
6817
4041
1853
2862
7265
3873
5495
4794
5584
2757
9317
2329
1486
3829
7491
2202
9486
4211
5671
4145
6638
9611
4250
8139
2941
9322
3400
8791
5775
989
6800
8079
510
302
6793
4341
4569
524
7937
1557
3041
5999
1925
408
4788
3577
4067
1421
2924
4505
9555
9317
3080
7533
8660
8906
8224
5991
1824
2066
6518
7082
7049
4546
2192
5092
7028
5533
8695
4847
3612
8666
882
121
3516
3617
9801
4325
321
5664
7404
2869
5217
1413
3127
7041
6616
9722
1259
6565
3791
107
4927
7767
8728
3542
5515
3935
7154
8262
6438
2979
3364
6730
3017
6568
9250
5195
5681
1817
9021
1521
1152
1602
4926
9283
8847
6344
8689
4082
9355
123
9939
8849
7478
7024
8625
139
1957
1399
5155
7298
3593
5899
3590
327
3728
3146
2441
5091
6392
6406
6215
6983
8464
808
2227
8306
660
659
7351
4969
7642
5501
5008
2935
3189
1838
6694
3734
1499
234
7307
5741
2712
1764
3387
7920
2502
982
6751
2053
7171
9295
6425
909
3014
7159
9632
5648
1749
1402
234
8261
7763
4981
3940
6880
5970
6883
2621
2440
3154
2658
6632
5987
6224
1496
5509
5189
7872
263
5045
9314
8381
3180
5075
2155
9277
9480
4852
5733
2961
4902
4202
5114
2370
6859
4062
4056
8189
9134
6181
1449
5260
986
889
1442
1964
8004
7419
2204
4188
4146
1905
972
4972
7691
8587
9707
2346
8952
4597
4935
8142
9994
8647
3982
7627
4692
8040
135
4534
3408
6361
1521
1207
4381
5971
6059
9468
9496
1456
629
3234
2139
8116
5550
1332
4484
3623
7938
6001
299
210
2675
1645
2768
4302
3712
2995
6998
861
6234
5314
6165
2027
7489
8034
212
6214
9217
4742
1883
1403
1508
7493
114
7510
6248
7390
6051
7312
761
806
1015
2068
6307
4411
9927
4846
9821
243
2843
5178
5771
4015
5769
7075
8923
6023
7064
5029
762
1855
3706
7155
3431
5879
5983
5482
5455
7590
3994
4717
5147
1688
5278
1445
3807
1895
4496
9795
4414
1692
6381
2140
4492
6797
2617
924
1590
6501
5039
4109
3749
9466
1098
8207
1554
5212
5257
1473
4643
2025
9127
6029
2241
2400
6667
2215
9418
789
3255
7099
3058
8881
2555
9834
4168
3101
1149
7079
5045
3139
1051
9287
2996
9021
6486
7222
4029
4590
3994
6005
3462
647
6037
294
4140
8777
1964
9857
518
9261
2513
6736
9160
1280
9392
4018
1624
8271
4064
20
8665
6052
4281
6026
589
8579
5200
724
8397
6037
3737
2882
8279
6597
1834
1224
7355
4208
3446
1735
9394
9754
9201
4656
6389
6951
5110
9311
4999
6406
9622
8242
2688
5817
5097
9468
4385
3481
6985
49
9524
7528
8671
2012
8194
5877
67
5789
335
996
528
1321
9460
9361
5412
7562
6219
6872
1168
6823
7250
5916
9085
4742
7237
9050
3369
7124
6567
2471
1510
1481
6833
1357
124
2046
4287
9601
6137
3696
6043
9268
9774
6101
2560
8945
9360
2973
292
1014
3638
5020
7901
6632
192
5783
165
8395
3087
1928
245
7360
166
5006
9488
52
2026
2063
5243
8712
7031
1224
6130
1850
1705
5308
830
6273
2816
8417
2995
5935
7852
5979
7516
5703
3510
8278
6238
6897
8649
6118
2212
5164
1503
9961
3359
7721
4624
5802
3507
3636
4355
5185
8260
7541
5853
6522
2192
8331
4062
5206
3251
2286
1678
1209
1241
8042
666
7356
8567
1484
736
8680
3527
6103
3769
2320
7084
4377
7540
2079
626
1423
9748
719
5201
2990
2300
9720
8372
5258
5186
1999
2509
2122
697
4551
7399
3716
9565
9216
2189
5450
9267
9514
8243
246
1108
9840
4491
9311
4205
6266
6229
1470
6013
2769
9215
6478
6896
3744
5789
2044
9395
1867
9037
8828
2146
2324
818
4704
6816
3630
7101
8747
7409
2265
4516
2391
523
3531
6585
35
6780
6977
6040
7135
1981
797
4765
7453
5808
7569
7184
4711
4902
1078
8475
8656
8467
4254
4096
66
8383
6429
2781
9328
5634
840
3002
6537
6713
869
2902
7198
4754
9529
812
3898
5750
4072
2117
593
9953
5737
2357
2809
8400
8840
5861
4643
9143
1102
1323
2202
2761
7478
7751
2338
6892
5192
4445
789
2832
7455
4343
4865
4019
140
9025
7277
2893
9597
322
8131
2017
4275
6182
2954
3804
5506
587
7402
1013
5057
861
181
2810
4126
4001
8465
3821
2476
2330
4249
800
6170
3286
6534
4011
2398
4365
2153
4462
9211
9572
7413
1068
9103
5525
6985
1301
8005
669
727
8023
7638
6720
4101
9894
2718
9268
169
5916
5606
9193
1542
2477
5594
3029
6666
338
2614
2928
9853
5331
5444
1342
4485
5204
167
2489
567
3639
2953
566
6632
1567
6122
6939
353
8455
8677
7885
3116
5987
9509
5982
4197
6150
3309
5862
8440
1218
5223
5981
2648
1635
5446
1371
301
8411
8790
3331
3895
1536
5842
7526
5157
2634
1738
2133
7580
579
1505
1809
8537
4254
7353
5210
8796
5373
2072
5091
746
5720
6884
2615
2574
7883
5478
4202
8348
7278
4896
5817
580
6938
8073
7834
3650
9422
2483
5176
485
679
7093
6051
7308
2121
488
474
2414
1713
549
2736
9093
1257
4048
7595
318
1843
3764
6412
2445
786
8326
7146
3021
5387
3869
7666
5934
6894
4236
7320
4394
1305
4698
5908
7586
421
7761
1789
3058
2960
1141
3624
5480
1132
4675
8086
3629
6347
6827
4203
6300
3137
4962
116
1030
4853
865
4765
6772
2517
3215
2070
5568
3719
9995
2752
9025
4813
1774
8632
666
3100
4217
216
8611
4335
4716
8571
1951
3260
4168
7533
534
1935
7537
4937
3729
5474
368
3714
3241
9771
3378
8843
1637
4808
3461
9740
3932
575
6106
2760
8015
8830
7128
5467
6928
6398
8193
4142
8180
8515
4161
8384
5047
4324
6638
6438
2922
8027
9886
6718
7287
3162
3127
4435
333
992
5779
2696
6092
664
3457
8168
3659
106
3471
3581
1690
3241
2095
6417
7898
6423
5410
5648
4151
7492
7999
7651
2171
7027
3384
8251
9720
375
6414
5313
5691
5751
7246
514
8621
7120
9271
8585
9810
975
2401
6655
281
9237
6254
4438
2870
7930
2166
7241
182
5595
20
118
9342
3374
8363
1702
3763
7622
947
3249
9131
6177
6731
6578
5939
3607
2801
3753
6237
4732
4911
5623
1635
212
7972
8622
1830
2239
3667
1858
5863
555
4196
6243
9185
5424
3535
7803
4789
9544
7484
3453
3815
4070
4413
8912
3067
1942
6019
773
9935
8186
4409
5659
2187
9404
1040
7706
3261
9269
1235
3230
2435
4241
9161
1873
2165
5230
4481
7292
1874
2137
4209
211
9172
3884
3621
4162
1699
7332
7710
9205
7955
1632
9484
2959
791
8409
9450
826
7213
4807
6697
6097
3446
9630
407
4821
6793
3354
687
208
7949
6987
8794
7081
2232
4215
988
1590
4695
1736
8889
5748
8395
3536
3589
3066
8018
649
2449
298
3233
6393
8910
2545
4031
3771
6348
5140
3656
6289
302
8565
161
6224
3671
2591
3108
4836
7547
3373
3137
7636
3853
1534
8230
2567
2020
7946
5055
86
2387
2375
2314
3995
1855
3364
6183
1077
9936
6285
6485
7060
8308
3036
6843
938
4730
7081
1065
3269
978
9209
1146
199
3869
788
4062
6630
9391
371
7069
5222
2044
8275
7369
5208
8899
4428
1678
5343
877
3932
836
5832
7965
8760
863
5978
8307
4396
2096
9796
8709
4315
7013
3294
8245
7372
5401
1795
9362
9420
1149
2002
3679
2089
9879
122
1438
4646
8671
7117
7622
33
4846
4238
2896
8647
1001
4097
6486
1610
521
1231
2570
4405
8570
2266
480
2202
3237
4675
8410
2549
2500
913
8891
9769
5938
7317
1894
3383
7811
287
2451
4258
7451
1402
504
1582
4553
1715
6061
1487
1459
1428
9297
2969
4067
5767
3273
2522
8116
6975
3812
7897
7655
3819
1464
3486
8694
9000
7013
6529
6746
3612
3175
5676
5792
4880
5466
9804
9871
6771
3717
7794
4003
9187
6112
7884
5146
7191
6422
6001
2621
9720
8900
8089
9611
2675
5529
958
5740
1839
6014
4031
5551
6459
3184
4581
3158
2606
7956
4701
9051
1770
5003
3368
4855
2905
9519
3458
9599
1667
8971
3002
5179
478
6785
2259
6327
1207
7039
8663
228
5284
2757
8742
3559
1880
8051
9423
8110
5456
4852
3849
8987
5995
4601
6955
2503
6694
5856
2747
2570
3723
3822
5136
1732
2409
3126
5866
3892
5001
657
773
9091
8534
3567
9285
101
8750
5675
7267
162
6713
4432
3696
1309
6528
3406
3500
7807
8272
4233
9726
5702
9440
5483
9682
6085
5585
4726
7104
5254
3610
6330
4654
3786
5271
3995
5365
4199
8287
899
9870
6889
8222
6907
6068
4536
9102
9270
7304
9107
8416
491
265
2814
5287
4577
5053
7454
7606
8091
7667
9966
8635
2386
8096
1576
6525
2770
5544
8065
3903
1487
8208
2547
6660
8911
9877
6504
5117
3739
7157
6752
1069
2128
7038
2966
2290
6404
654
7372
6246
553
5277
1531
6631
4232
3006
3849
9398
5266
8214
8223
8774
5138
20
3160
727
1809
1676
3057
8308
6070
7127
3532
1234
3089
1716
4712
2650
4642
7476
4370
9490
3915
1654
7505
6901
723
6630
4639
1760
1382
9344
7151
8233
2571
2349
8222
5200
1449
6530
5256
839
4833
9349
7038
1717
2899
4363
5090
6776
8829
7941
4654
2215
517
5388
5289
9365
883
8690
4338
9851
8888
2687
4096
8863
6155
2039
8142
302
570
1290
8602
73
8356
999
992
4594
8587
9903
2161
1861
9688
5207
1533
2402
6164
4151
9145
1683
8307
5759
9609
7201
1080
1619
8473
6268
7635
2174
2107
9501
8542
5345
9027
9701
288
7588
6769
5790
8088
39
685
5851
4907
2713
2374
9742
139
7127
7436
4391
4327
6547
7916
6182
4310
2785
7827
8366
7914
8286
7788
8294
9468
8193
5933
7363
9515
8975
3766
1977
6630
2818
4736
4350
211
7600
2037
9866
2932
2391
9634
8428
6908
2021
2017
1541
1606
8706
6478
7343
1267
6368
21
4235
1506
4674
5030
6609
6705
916
6225
1144
1741
5986
7032
4481
1374
4468
2237
4622
7198
7012
9277
5472
157
2265
5265
2611
2416
4904
8287
460
6846
8387
2278
5125
5740
9445
3335
7385
6334
2525
140
5056
6052
6236
3288
2586
8961
8284
4871
9017
1142
2650
9157
5394
6633
5236
9813
9446
1088
2410
7773
7859
7812
2319
8381
4606
8153
2559
1239
8257
987
206
4561
7633
3904
6818
1276
3002
6084
1084
5014
294
6735
6697
4103
7040
2581
9232
6687
7120
7251
5619
6027
7
8907
7678
5812
7077
2554
7221
6914
6924
1315
8006
4817
4473
8254
439
1061
6141
3224
2640
5569
1573
3630
4128
8738
6484
8399
6678
4489
2358
5305
8510
8791
4413
5166
9520
3742
4555
8260
8435
8320
4317
861
6018
60
9346
1251
8288
6477
1225
4026
219
8315
4948
9005
3062
7650
4989
5898
6932
278
65
2596
5799
3335
5899
7676
9212
5460
9568
1039
4916
8555
5460
9862
502
2796
3419
506
3964
4562
8966
3607
6193
3701
6828
9842
4300
455
4605
9865
9575
4528
3480
7313
4668
5111
2477
5105
1545
6381
198
7767
6320
222
1550
5187
7149
8269
3734
8241
8625
8317
7822
8756
7238
3764
7347
2241
6464
2629
6720
2845
9348
3443
7146
9656
5568
7992
6268
8585
6103
1975
6042
2967
9758
3856
5228
2556
8559
6103
6248
3824
1821
856
7615
9594
3507
5671
8375
2574
1351
124
168
6238
2408
5478
9562
7596
4295
7788
4318
8812
421
8467
6289
5456
5129
7470
3605
6940
6143
3692
8670
1521
4830
5612
5277
5395
9190
7585
8127
2395
2569
6854
1552
7777
1311
1441
4107
8751
2465
5049
3497
4473
7855
1941
8462
3812
792
2705
9240
503
4252
792
4201
62
8010
3953
1685
1408
7849
1755
1156
8035
794
2547
6938
4073
1215
5635
9996
2240
4996
9613
5501
2476
252
1204
5036
8224
8086
5904
6175
3149
2353
6028
1758
3277
1009
102
1952
4577
2704
4894
6743
9279
842
2988
1568
5384
4753
3805
4252
1726
2001
7515
4005
2994
7910
1627
8779
5866
2046
9882
9285
2807
7862
3527
3118
6550
3053
7775
8446
3621
1134
3479
2408
2423
9356
7172
957
2568
6371
5648
2585
4591
574
8133
2629
653
357
5371
2742
9223
6870
2515
7137
8601
2384
3430
3584
5649
4923
1182
7062
3021
4428
2019
3768
4931
6577
1285
9709
8484
6360
5612
4277
3548
5239
9991
4872
7797
7071
2356
5092
8760
4013
4725
2205
7122
2152
3768
7472
3488
6333
2516
9732
565
6207
3938
3596
2629
5257
3989
1970
837
9183
6394
8162
5486
6158
7190
5140
2046
6499
3331
4820
5177
6725
3744
6001
8303
3636
2934
4551
5031
8255
7844
9372
3601
5650
7423
3714
9723
7450
4721
9426
2512
9297
8274
3682
6858
4607
3020
4441
4253
276
6109
9470
3772
6740
1970
9799
4383
3472
8082
3584
7543
8546
182
3563
2573
7823
7081
8393
5496
3114
6207
8680
736
2935
7311
209
5291
1198
796
3292
5323
1435
8356
3995
693
5004
8695
2583
2954
7948
6107
1599
9380
4963
1948
4034
8889
6003
7376
894
2844
2233
2360
2792
3620
5081
8440
471
3721
8865
4326
2634
2370
8220
1286
7161
5973
2628
7913
3910
3786
8027
9580
4569
7473
4702
5002
2264
9587
670
1751
7978
9444
1301
2568
5239
4852
9632
884
7178
7731
7270
9599
8932
9866
3404
382
2494
5337
6622
4903
9527
6564
8378
9757
9690
9215
2286
2696
9160
5119
9198
6952
3075
1320
7422
5802
4379
3634
8747
3674
7775
342
4426
7830
7810
2555
1973
9546
3045
4688
253
9824
7405
2988
3396
3828
2801
7008
420
3488
7587
7685
1328
3547
4876
8821
1094
444
9335
6051
5003
2416
6652
8674
5680
3733
5960
4463
2604
4180
7780
1524
3131
7274
5606
485
624
9060
5820
5621
6164
4143
990
3697
3718
2623
8456
9656
6716
8879
4820
4196
4364
3679
7355
8099
973
9132
3838
8385
6657
4921
2778
173
3986
53
4454
6445
3344
5597
4946
5747
5792
2559
3980
3360
5735
2559
6163
983
3484
7037
5005
7026
5221
9448
9859
5561
7948
3388
5154
4157
2046
5245
5213
291
8807
2988
7896
5524
9289
3692
2558
6503
500
7090
9955
6168
1602
8295
5182
7437
8978
8989
304
5969
4246
6402
4078
6211
1134
1760
7225
3326
3306
2805
1562
5497
2714
5494
3835
4480
8862
2086
3137
3407
7073
1721
9770
7815
6155
861
5522
7200
104
4041
1082
2922
4309
8754
8534
5000
8758
1889
4881
1145
8065
2902
9964
6943
9758
3904
189
3594
5589
4875
9623
8372
5185
4063
132
86
9752
9671
9818
4690
8058
4269
2707
7554
4196
1015
7728
1911
3273
2254
6640
453
8124
9499
1958
5251
132
8928
610
2174
8336
9241
2235
7223
8283
825
9174
7494
3283
5119
8466
2109
7361
7675
3432
5457
3658
6897
7921
6952
3491
8511
5981
9381
536
5311
8885
7619
9234
4334
2125
5106
9947
233
6446
4101
8177
9187
5669
4025
2557
5809
3585
5573
4995
7269
1027
7055
8935
766
2980
9848
7665
906
5599
600
6990
540
5565
9262
8280
708
836
378
3373
5576
4217
5767
8376
7240
6566
7051
2087
8983
7316
5054
5315
6113
2143
356
4096
7190
1938
2147
5689
7513
740
3421
2309
633
9992
3062
4707
5290
4886
3235
803
5814
2556
628
6762
5602
5273
3732
2175
5575
973
2138
4182
9650
7021
2044
2346
3628
8416
7270
8572
3820
6080
1782
6541
1234
7029
2016
7674
7411
6217
7645
3325
6945
3740
1279
6270
8682
5088
2628
3972
2744
8689
5104
1690
13
5033
5120
3286
622
4611
8543
9561
5318
5298
8243
1308
3190
6000
2934
947
4496
1815
8749
2190
4224
9160
4672
8704
59
3168
3253
6467
443
7516
2335
7935
9075
4930
3932
6889
5002
7456
8005
587
1092
7840
9961
3619
9450
2506
9643
3302
4615
575
8574
4017
919
1391
9372
577
5838
6335
4360
9788
9810
3416
139
1102
8570
6689
6433
7058
5922
7039
3599
4637
3053
4075
4858
1569
2947
2289
5184
6810
2254
3205
837
852
2862
1991
2462
5543
9558
2086
4342
3657
2937
1719
9356
9218
9308
9743
1660
7121
9905
6654
6602
2734
1160
3758
4759
9907
5234
7052
1788
9488
6077
6320
987
7349
7537
1850
914
9649
9697
7461
24
129
4215
2602
4564
586
126
4666
1118
1846
5720
3290
5699
9163
3954
804
5478
4516
128
159
62
4286
9600
8835
1055
8961
1442
2393
2445
7229
5436
1160
8468
8082
3876
7860
8572
6510
7211
6053
7561
1247
9629
8370
3281
7911
80
2006
6705
3525
2457
9848
3679
7087
1677
513
5627
7017
3478
3761
6354
3813
6231
445
1650
1182
2609
3838
3380
651
9591
291
8789
9307
1004
4629
4654
5956
7806
9826
3488
5050
7443
7934
3735
1037
8986
7011
7723
652
4778
3693
2685
9579
5352
9220
1812
3508
9498
1346
2145
9540
8513
7912
1475
7960
6360
234
6850
6985
8008
299
1937
4334
887
1591
8450
4097
4323
8770
8415
7941
967
4645
864
5641
5933
5351
5238
7710
4890
8791
8610
3718
662
6521
3642
2643
603
4068
5550
6698
4374
7054
1645
9265
5792
9084
4595
2289
7236
6552
5996
4501
9655
1072
2485
4328
6224
1793
3327
2733
4622
2896
8510
4213
6445
4830
3051
6788
6025
9668
2164
337
6910
7041
7228
8225
1691
3283
6049
2080
2416
364
7167
3130
4102
7658
4455
6403
8920
4865
4135
3523
4979
3281
9434
8805
5006
1658
2722
9964
1902
1995
5978
3217
4776
284
6690
532
8044
5882
8566
4378
9680
5392
3375
1195
7978
7307
8505
6526
9093
4429
6584
6215
531
8653
3303
3379
3546
7593
8841
4986
8295
9228
9042
7099
9651
955
6584
4507
748
3517
4161
8273
1767
4990
2180
4248
5072
3269
2185
9874
3563
3602
2697
1009
3657
8143
582
9086
713
7181
3552
475
4664
7552
2353
8629
1452
3552
7320
7666
1833
5202
348
5153
3944
2363
2733
6744
5440
765
4200
8348
9876
9662
6666
7639
8729
8369
8171
4635
6979
794
673
5611
6160
2223
6788
5999
7891
8
9709
1420
5489
6710
9088
8168
9687
3324
2008
5344
6991
1687
7474
7955
4214
9602
8691
1570
1553
1628
4015
5024
9352
528
7549
6402
5923
4851
2523
6392
5623
1727
7397
3098
5608
2562
8606
6747
7087
2006
6491
9628
6574
7875
5894
5035
2422
7048
9607
5609
8346
4651
455
3370
519
5621
2343
5993
5143
6778
9389
9314
2113
2591
2740
6645
9496
7791
7688
1936
1174
9657
9462
2490
9087
7000
483
234
5428
9250
7126
9678
4967
9362
2553
3477
4091
7087
6638
4582
7830
4679
262
4061
5244
2686
8458
1308
1117
9529
2984
8847
7329
420
2132
6286
4033
1756
7457
7970
6032
344
5606
7810
1830
6367
8208
6075
1941
3331
1434
3253
7319
821
8378
5608
4481
815
8536
419
2955
8646
5253
6037
9019
437
2175
3040
7900
9386
9342
3479
5209
7480
1570
6229
496
7331
519
9571
2184
8389
616
5922
6777
6905
3552
2290
3615
7608
1893
4270
9282
2073
2330
8029
3505
7647
6002
6465
2264
5727
9070
8073
138
7886
9961
6041
385
1717
3288
6133
385
9904
9473
5110
1255
9203
885
1900
2266
9469
6456
2204
2466
1497
6891
497
498
4110
4855
5523
129
7701
5975
9168
5460
8633
7347
3914
8329
5272
6100
3094
2376
6670
9345
7681
8666
8093
3739
4415
6025
803
8652
2431
8509
9033
9550
7780
1334
3502
9869
2373
6444
9656
4665
6860
5036
9036
1815
2536
4569
2292
1921
4772
7986
3596
7216
6886
8478
5022
5627
2271
3151
1781
3411
2873
4758
163
5590
1233
6894
6964
4079
7347
9464
402
1217
3233
4035
140
9027
6992
2838
4807
7526
9880
510
2810
297
4718
4134
9090
9715
9349
4203
239
5812
5656
5053
958
1511
1936
8317
7652
9090
9838
9804
7010
8019
1958
4227
1582
1615
9088
1245
7349
8847
3723
2502
8914
9550
9658
4306
3526
3939
1705
3329
2416
3579
9982
5619
4891
4048
3434
1766
2529
1584
709
7748
3045
7335
535
5366
2717
3011
8564
4910
2715
999
3649
2964
6023
3201
9022
3966
2167
7109
7812
6349
7838
6812
9517
2443
7874
9117
3017
649
8235
3045
8213
1251
8452
6388
5053
5287
3294
4480
8149
1569
3170
2635
8195
1814
8485
2326
1379
1662
6229
1171
968
2190
812
872
426
4378
3164
6943
5653
7319
4672
8904
8032
2824
3076
9001
6580
9284
809
3806
4534
373
959
3739
2047
9369
3895
1911
7996
5879
7981
1577
7199
4968
1112
4317
6260
4883
248
8231
1898
2247
4605
7905
1550
7854
3217
537
3421
9710
2347
6202
668
9056
5819
9873
7078
7256
2395
7502
8853
9019
9620
4013
9585
9424
2929
256
3417
6688
2729
6833
9077
1661
2611
5535
2370
9352
135
1523
8592
2187
9439
6936
2402
5229
2569
3733
4482
5999
5880
3613
5413
9068
2617
4677
6409
8186
6612
9205
4830
5106
6713
7456
5762
198
3602
9836
8837
9460
1020
2241
866
1036
7447
5145
6830
8735
6670
1945
143
6967
1349
109
9393
2735
6464
2150
67
6176
8333
6084
5747
2228
7285
4986
8360
7928
9204
971
83
1474
7327
9022
5878
3035
5309
3412
5238
8757
4723
930
7606
6682
5491
3229
9184
9819
1959
4725
2464
8520
8293
3764
8868
6470
7043
1639
8133
5532
2561
4366
5095
7524
8559
9512
5938
9620
5488
4950
6554
6438
5233
3372
3612
1720
1826
6053
9859
9912
160
121
7255
722
8889
4974
8481
9188
6950
2580
3138
6510
2790
3757
6290
8236
8808
1399
583
541
8368
2920
664
6775
7529
8606
6319
735
207
1357
300
7643
8189
3092
4341
6058
9613
4046
8772
3217
610
7882
7244
3759
5998
592
6953
477
3596
1777
3550
2197
6108
4404
1368
9167
2669
3193
1563
1188
4997
3410
9583
7626
265
7734
1580
9308
2713
7614
8110
7520
526
6592
4958
2535
6257
8427
4561
8287
6586
5774
5675
3362
7000
2443
317
7752
8850
5495
8055
7100
2269
5339
6625
1022
8330
3702
7888
9577
7783
4868
7666
873
3613
5489
7454
8327
181
6712
3687
1850
8402
9407
2728
7750
2371
116
3021
7326
5624
3556
3725
4129
1569
1718
4976
1506
9389
7469
943
6401
255
1759
6750
8496
8097
8327
898
9252
7311
9294
9734
276
2960
3120
7848
4160
7841
7809
3102
7998
4067
7471
6951
7810
7593
8789
7702
9795
8062
4922
9714
2232
6418
7340
3173
9933
6172
4573
6785
9669
9117
7728
3952
3444
296
5979
8301
9641
5060
8702
4517
6532
8943
1447
9388
4081
5331
5346
444
6957
2257
8715
7431
6211
102
3968
5156
9778
3184
7360
5269
6487
4166
2417
5461
3897
2071
4009
7915
336
2977
8784
7098
8052
9799
6419
356
5184
1603
8831
485
5549
867
7512
9504
8883
3848
2657
5671
5788
6115
2345
5261
6599
1176
4835
1701
479
3939
2043
7414
5101
8629
3588
32
3706
9655
2685
5725
4618
8801
100
7039
2733
3322
6247
8626
3002
3506
1594
9625
2209
776
6762
6506
9460
1623
6592
9492
4781
7524
3280
4763
3588
1846
7264
9071
3970
7119
4635
730
9759
1101
1758
2640
5564
6140
5989
8628
9271
5891
7985
1648
2003
5709
1621
1906
8264
4454
738
7450
6955
3972
5876
5813
5818
4614
5008
413
1885
7760
354
3444
7249
5224
9008
6991
4193
9713
7572
9199
1903
3152
8344
2598
1845
2358
4490
2274
5682
6299
2065
4084
1983
999
8471
4664
2817
9044
5331
278
4012
3490
2119
339
102
5220
8204
2304
3423
2147
9310
5302
6889
6289
8061
3830
2858
8645
4491
3367
5365
8591
9820
8312
3880
5961
7734
9354
9117
3129
1429
8428
5453
3965
5156
1179
4686
2837
6228
7148
5377
294
5221
4789
4641
2107
2663
4328
8993
169
2135
2567
5901
4100
4988
6636
5610
6083
4390
5703
1964
6566
1952
299
327
7622
1595
8525
5446
9643
2838
1672
1358
936
5404
4695
3127
2117
7941
1118
5217
8026
7949
7825
676
8905
8282
8102
6999
5842
7149
3705
447
7281
1603
7457
6828
3814
8319
7232
3804
7883
4015
289
7070
9180
9078
8022
7314
7807
11
3856
2185
2825
9168
6216
3214
7790
6765
7217
7225
8667
4327
6811
5062
6359
455
5465
3322
2992
2975
4004
6451
1112
4394
8464
2704
2927
5823
7880
6052
1291
3073
2700
8313
4040
3174
5294
3912
2859
7568
1792
6304
1184
1307
5584
6722
978
9345
5501
2812
525
3657
2853
530
6053
8463
7212
599
7341
8040
5824
1230
4890
4369
2826
8342
73
7629
6783
7570
5208
4514
7192
214
7922
9173
1798
4536
6268
6950
3381
7822
9856
3375
9933
5168
5963
3351
9742
2540
6736
2824
4216
2475
9882
8604
5646
9507
9586
954
578
6160
2699
6641
4609
7042
3802
2927
840
6498
3961
4151
7035
8237
9983
9790
8954
8282
6140
8539
3899
8722
3604
7199
3530
1808
1896
7243
7848
443
8081
6591
3890
1601
8169
1279
3358
1012
6679
9926
6066
1191
254
8704
7437
464
5509
6657
4120
2397
8065
6783
2849
1156
1781
8965
1549
7880
9052
8878
6413
1
7010
9011
5577
2709
6550
849
2150
6258
8390
4795
8351
3381
2267
459
732
3927
4614
6225
3566
7416
47
8899
782
8344
2747
8476
7064
8354
6794
5848
9994
9173
8210
9834
4388
5048
4736
3592
3813
2139
9490
5125
899
8223
422
7062
942
2103
5575
3932
2172
8086
6806
4259
1883
1140
9792
1471
6204
9689
7067
3905
9324
9353
8247
5389
1615
4539
1564
1030
4199
9268
8314
5393
8239
8005
2614
6042
4760
2788
7589
1679
4676
5152
5792
1712
4928
4751
8934
5493
4358
1096
1689
6018
7528
2007
3596
8061
7417
3785
3507
8865
6583
6326
1936
9663
5710
8139
5552
7861
3111
4423
1043
7088
6875
7323
7662
7409
8253
828
4474
4266
5577
9182
986
9910
1396
4251
7561
6737
6330
2008
2999
4595
2440
4193
2284
6554
2589
1692
4058
9347
1005
1787
1224
6501
9088
2361
7611
3635
642
9249
2186
3016
493
5736
1437
465
6034
7825
336
1856
8531
1735
0
1539
902
3546
1414
3330
2540
8303
9298
3829
3196
7431
5165
3831
9000
531
7143
6157
2316
7624
7758
4601
5328
259
1308
24
5286
641
7092
5142
7492
4242
318
3873
9473
9432
3549
4497
7933
5137
7747
4596
5976
469
5809
8891
8342
1781
5600
4366
5964
7324
1690
5061
6363
6274
8636
9405
3073
4489
6525
8109
7081
9972
6352
5103
1084
7239
9805
9195
9929
5262
3707
9500
1482
9378
5382
9502
1545
348
6
2361
2646
2411
4933
1880
4227
3212
7379
3877
7926
2200
3205
7093
2593
8088
2410
9751
4418
3036
3996
4547
7498
8633
9437
8158
1486
5236
6802
6848
1977
2354
4029
8001
9125
4841
8460
7873
6181
2530
2996
7572
9001
5953
9768
9658
2854
7006
388
9674
1720
4215
5576
9433
2715
8365
5486
8349
9544
4077
9057
4504
5751
6551
6371
2073
513
1208
4857
9899
8504
9649
1786
770
1890
3039
4141
6383
7300
2841
9046
2826
2426
8815
562
7698
3821
4816
4288
4021
3672
4058
8404
8921
9421
7132
1538
4204
7156
7577
3733
5361
9170
3224
9340
6584
8683
9607
3628
5203
3128
9088
3313
8969
2925
539
288
1778
1090
5236
6231
4454
6428
2076
8120
8408
8171
1317
5042
8666
535
7738
6331
3067
682
2375
8086
4760
6117
3475
8442
3853
1977
8569
1244
1381
1967
4580
5888
9505
5609
5222
8015
5213
920
9016
6819
3967
7547
5140
884
2630
4783
4809
6884
8743
7363
5698
6697
8325
226
6230
1703
3106
1336
5862
4377
4515
744
9849
2042
9805
6971
3917
7436
8276
2375
0
7097
4688
6534
2025
9383
4201
7982
7894
3138
218
5234
7074
9468
5776
8498
9532
2070
849
8985
1102
2823
1496
9465
940
9557
8447
8602
8480
7440
6267
3279
5619
2149
4254
3525
8104
3706
5714
6724
7593
7707
5944
4074
4270
9749
7262
1503
7954
9755
3261
3549
3686
4424
1089
4026
692
5617
8516
4640
7396
8601
6705
1254
8073
2687
8304
7130
604
9453
3840
114
2953
3704
3119
4404
3061
592
2428
7238
1534
1468
4358
4921
4676
6508
5233
2998
8657
2091
6353
2413
2985
6083
9320
7297
6340
191
2686
3199
7805
2579
5004
5634
8095
5001
633
525
6103
4601
792
9477
7180
7186
8273
7039
9083
6519
5575
6010
5893
8550
9921
6886
2231
514
1431
2028
908
9154
67
2637
1570
8813
5471
4303
355
2619
7267
834
5185
4709
3860
2498
1838
999
4302
3790
992
2812
3645
4871
9056
1957
3502
7352
243
9495
4919
7394
2051
5256
3249
8431
9684
1431
2493
5228
4327
4465
3633
7159
2481
1660
139
6599
6071
2251
6676
7231
1548
5567
1789
5602
2335
6704
3132
2341
6250
8234
7648
5151
4352
1888
2685
7479
2517
6051
5461
4647
845
9366
8379
8494
6381
3337
994
5539
3083
7425
9668
9978
8106
1484
8972
3080
8660
3569
3182
8156
5369
6057
3520
9337
8864
3543
6082
3568
526
8108
7541
1818
9765
1427
276
7474
1368
4608
2931
6998
686
1207
4293
7109
7014
8042
2947
2442
7904
4776
6473
3539
4430
9435
7159
7996
5806
4513
4649
523
5866
7046
7671
2110
780
4758
9847
1179
2756
960
7374
5418
644
2680
3884
7228
1096
7607
9476
9816
9096
7873
9204
9771
9570
4220
4678
1354
9639
2637
7666
5936
8889
243
4096
366
3260
4514
3362
3111
7568
8941
4808
7124
7127
8631
2713
9181
4566
3770
9585
5509
1269
429
7256
1164
6964
5700
8736
7615
7146
2915
180
1457
7137
2554
1409
1550
3379
200
5491
2954
4106
5950
3381
9766
3519
7588
7631
8889
158
3162
5142
8265
9168
8669
8067
3513
7382
3339
1009
3375
770
3355
8998
255
4157
824
2959
4071
9286
7340
4796
4040
6482
3182
3177
4437
7304
3548
6144
9470
2787
9389
5179
2241
3942
635
7229
2336
9803
7536
5098
9609
7150
8458
5477
5899
8950
3232
2567
3548
4433
7265
9081
8383
9145
9832
7424
5333
3048
8673
6284
742
2627
7981
8276
4400
8869
1062
6796
5261
8508
8671
4242
2237
1298
2913
9266
9522
6932
9919
9384
8778
1318
7730
366
2984
9899
6232
2009
3576
7445
4855
3759
106
6767
3844
503
2911
861
8128
2075
3123
3399
3989
6687
515
2483
1481
8046
6823
1234
3310
1597
7701
8327
5687
5903
9719
6501
2757
8954
7354
7137
8973
8967
138
7273
1880
6510
8366
610
3146
6991
3325
4969
7366
3462
2313
2980
6984
3614
4335
8849
2806
8806
5474
5664
8748
8750
9689
7190
8467
5960
3016
7793
4711
7001
2796
6179
6682
245
9916
4736
7695
8208
2978
9031
4811
7891
5989
3109
8979
504
9034
3004
4913
8543
5759
5234
5811
7767
7836
2024
2052
5132
3782
6697
2394
6524
1221
8954
6428
9487
7468
6098
3533
3928
94
3285
3364
2304
4900
3514
1024
4251
1126
8808
856
5465
4879
2546
6004
5383
2892
7106
4063
7845
2340
9858
9275
1949
1540
3158
2481
6602
398
3598
9468
8763
3278
7939
7997
5235
3689
2331
5981
7983
8325
1920
2495
3629
137
8565
424
1562
7966
5791
9955
2601
1991
8983
1021
7425
7248
7431
2925
4589
9555
3395
689
7896
5889
6635
6555
8083
6370
9777
3724
7727
9716
7139
5767
6864
4204
5383
1791
6023
5142
9604
2305
4516
878
7100
1288
5611
7724
2217
3345
6900
3174
9497
8618
8706
7713
1185
4487
8805
921
5002
4530
6947
2758
6748
8458
250
900
430
9498
8030
690
1121
5526
9015
1611
6398
9480
6169
301
5421
7508
8603
5529
3592
3844
9266
237
4763
710
5977
9252
5914
7307
6830
1533
2548
4970
3080
1607
2174
6607
7801
8541
1348
9427
2748
5565
7003
4575
2063
1148
1706
422
7915
7118
4874
3099
7697
7152
1559
3715
6881
7818
5997
9557
2291
270
4555
1509
885
5499
1065
5119
1195
2293
5022
534
4363
3724
4889
4903
1229
5139
5760
430
1360
4956
3704
6840
380
4840
5675
832
687
8297
7462
4053
4339
1359
5716
9947
1378
1290
2113
9066
8608
5105
9682
4605
9508
857
6964
6443
8382
7939
9431
9872
4421
8435
5562
4067
9476
5453
5840
6465
9607
793
8656
1471
1580
3481
2195
2650
2996
5660
5907
2842
7737
7193
7003
2452
1837
9619
6909
6843
2155
4856
7613
8422
1733
3923
4164
8903
8760
7704
6575
4506
7096
8433
2411
9474
5068
9604
6579
4117
4491
607
9386
9419
7829
3934
339
6519
1777
2055
9641
6793
9705
5819
3820
6421
9243
8577
3861
4785
1530
5727
4220
673
2364
4117
5910
6305
6178
8598
7314
5142
8212
7278
4234
3591
1957
3163
3060
8837
3683
6777
3633
1283
333
2979
2988
4122
583
8910
3977
6286
4406
796
2434
2682
5814
8685
4010
8965
3702
7523
3930
3815
2534
1319
6469
8884
4827
6772
5555
6621
9327
4194
1297
8976
886
8022
7261
4272
308
9173
6594
4531
6857
4368
6133
4396
3237
1963
1943
7849
1793
5337
2824
6876
5451
7974
8635
8951
8923
3941
3887
7330
5876
3519
411
9572
347
7152
84
4246
141
9210
7655
7925
991
1128
1505
1021
8178
2642
6108
6789
8723
6540
5638
9121
689
9929
5122
2177
4053
8296
6570
4493
4216
756
8028
3662
3441
7451
3956
3316
7742
9373
4776
2412
5194
7355
3485
1242
6050
9745
9425
8891
5823
8173
3383
817
5226
5138
5074
4839
5264
5676
9066
3427
9503
780
2240
9133
1527
5017
8572
6357
397
7520
1038
2291
2148
920
6021
7985
1587
7671
6921
978
838
6819
8350
1713
1374
5303
7901
5729
4078
9134
8613
5768
8017
1615
4809
6046
6066
2893
1145
6963
6972
5504
2184
3393
737
980
232
6950
5488
728
5023
1941
9681
7117
7585
1916
2458
8955
3068
359
5054
8397
7378
6224
8457
9204
9659
1241
2360
6774
1237
3621
242
9107
5811
1120
1918
3239
3691
3073
565
6345
1864
9621
8751
90
930
1725
275
8164
8060
1212
8713
4906
2148
3998
5840
2351
1330
5064
3869
2412
3771
73
6344
2831
9198
9619
5042
4595
9700
99
9793
9314
7597
7805
1645
4595
1831
3457
7958
3169
6458
2856
5946
2250
6802
3623
6986
6662
7933
2342
5017
1066
2801
8312
214
8563
3052
3520
9442
9373
7114
3111
5533
8067
1020
8473
1579
7717
847
6319
5258
7463
1667
6856
3159
3145
4250
1893
332
2788
6156
8773
7239
2213
8432
5261
4544
9789
6241
8931
7347
5695
7332
5846
198
6859
8792
4338
42
55
7883
1134
1208
552
5791
1265
3232
5926
8249
5596
4388
1871
3871
4979
5155
3186
8693
6106
7845
7918
8236
5155
7202
7483
2955
9154
58
9169
8236
1013
9866
5598
3349
5097
4783
1035
4720
5518
5925
552
8076
9808
8200
6663
9903
531
7716
5390
3765
2530
5584
4479
4203
1831
9194
5732
3645
2365
3816
9848
50
25
4908
9018
4946
7988
5037
6881
8848
1710
1391
119
2217
8021
8437
1622
1138
9249
5852
308
5982
2156
3893
4297
2781
1688
9169
856
5659
4174
484
548
7430
6268
8608
301
7998
9144
5343
3938
1722
4587
8450
42
5123
9522
1433
9686
3975
4725
9390
7339
5416
918
6108
7015
3864
9670
8193
6593
1519
5953
438
9805
1091
2792
4546
7852
7839
4095
3698
1662
845
2044
2348
1767
6564
2318
341
168
5244
9080
3114
3763
9312
3284
6102
4385
19
2741
4548
2260
3983
4605
1113
3206
3579
4800
6306
6013
2846
1964
9793
1444
4042
2703
3704
6766
6870
7421
322
90
4084
5474
5647
6381
1625
4608
3884
6641
8772
1097
6848
7920
3762
5391
8522
3731
1045
8452
3414
2902
9029
4082
7848
7639
6745
556
1626
2448
838
6955
4192
2637
6326
5831
8505
7183
7694
8654
9904
1036
3657
750
2844
1904
6586
6927
40
2295
6736
9234
8087
2563
2624
4684
6954
602
2316
1082
3036
4468
3651
504
1308
7436
6505
2349
4012
2972
1912
8811
8551
2057
8159
6732
2523
4359
4263
3741
2776
4762
1492
5417
6521
6111
2987
8337
6680
8921
4137
4176
1833
2104
2319
2423
5960
5798
2695
2778
1909
8226
4503
891
2063
708
3404
3873
6752
4391
3838
8962
2926
6081
2425
5369
595
3616
8193
6886
3126
6574
773
4746
8897
2171
9129
9793
934
7828
7718
1477
2171
1854
5425
8283
240
3768
3460
8264
8032
5134
6576
7584
7122
3603
9634
704
7205
4460
4200
4923
6900
3534
3399
9580
9721
7579
7548
6315
3957
8087
1639
1712
6983
5538
7973
590
5442
2695
481
469
8031
1791
7101
8750
2039
1857
3179
3723
9548
8554
4184
5654
3448
8062
5946
8162
6489
5674
5584
6221
6525
6036
9666
4895
3949
5044
9652
889
1664
6054
2590
8707
7720
6896
7347
7643
8388
6535
5674
3524
6667
1955
4104
2949
2953
8115
7169
6780
2997
7102
9814
3332
7314
9095
6633
5766
7206
3138
1029
1616
3758
9378
8149
4847
2649
1262
9380
4559
5131
645
6204
6379
5125
7322
8337
2201
4212
1718
2750
3215
3461
3356
3269
6076
5311
8940
6588
7038
9526
6611
2837
7489
6499
8316
1109
4694
4807
6837
1313
9078
7135
2252
5523
5086
8670
5966
7915
8555
364
9143
5364
7582
8455
5076
6317
7491
9872
2625
1167
9815
6973
9060
113
1026
5027
6437
9917
9516
2838
8791
2099
9130
3641
9962
3297
4666
8031
4076
4041
5566
7315
696
5834
7193
1909
4293
824
3229
8936
1216
1945
3164
4015
5139
2930
3513
9723
7075
5431
525
5332
1578
3827
6785
5549
7442
1611
9960
4005
3086
6039
4349
5851
9563
7605
5625
8994
9588
6908
8637
6315
2114
5677
4729
1056
1873
4907
1101
1335
3083
3931
787
5003
74
2715
999
3478
317
4675
5540
6054
8989
7139
2612
1455
4545
9955
4030
3516
5476
341
706
926
3096
6936
6723
5764
1257
1983
2009
2669
6983
6791
7387
9526
268
4351
1965
4028
9390
4889
9495
1620
1032
4624
5551
1188
3497
7021
6697
118
8726
1543
3572
3550
4405
3516
4481
5446
5441
271
7236
22
5914
277
5336
8053
4203
8591
5478
6268
5760
9788
5055
151
3230
5703
6580
1645
5002
1265
946
6270
7322
6995
3345
4045
3739
9553
4915
915
7904
9839
8884
7871
8075
4890
4118
6867
3800
2876
8957
9748
9281
5995
6806
8802
2898
3676
6799
1821
9399
6821
5088
7349
1511
6269
2308
5462
4236
5672
3711
2686
4135
3014
4123
8685
7104
1751
5572
6622
1576
824
4884
7814
5454
6736
1
9210
1205
9491
2868
5497
2152
5469
2137
8019
4457
4164
984
4316
8390
4442
4713
9790
2601
2927
4333
5246
1516
7052
9651
6032
7369
9602
9980
6200
9152
9259
5358
2523
4741
632
548
6030
6156
411
9228
3430
9070
5597
1653
3310
5103
4245
2337
6409
9669
5638
5583
3122
4259
5283
9650
9943
5665
8883
2334
512
8091
8643
4671
5616
3063
8341
916
3012
4244
5912
1531
585
4257
7316
8067
7130
4796
7607
8545
3785
6810
8080
3165
3704
3764
8529
7037
2450
9464
5532
1803
9012
3838
1477
5160
2846
9360
1920
2976
2056
145
7145
2129
7810
3292
8795
1023
2282
8541
9745
8043
7511
4494
7134
8113
4109
1721
9128
3666
2864
7551
718
2116
6353
9225
6780
4709
4453
712
2505
4411
3921
8874
1523
5543
7059
133
8640
1177
997
8997
9365
9845
2644
4912
8497
1055
3823
1686
4857
4251
5564
4677
1549
738
8755
3265
2529
6094
5488
4466
1008
5177
5282
4278
5618
7043
8042
8628
1411
2504
8648
3050
2367
9770
7548
186
6981
4823
4975
511
6878
2644
2201
2208
1325
3785
8027
9482
5471
7363
2318
8644
4480
6895
3820
6721
6781
6153
7798
8971
9384
8912
5842
3877
4883
9783
1315
3143
5711
6853
6094
8717
4084
2197
2782
2906
5699
4686
2586
7931
5609
9682
7067
2679
1961
2414
7054
9417
3302
3791
4564
9086
8717
9379
1544
7251
6065
52
3498
1911
7368
3961
7781
7787
7340
2552
783
6629
1591
4874
801
5753
5569
7137
5522
4394
3798
6862
8430
6035
7117
4422
1598
7828
353
7248
1036
8501
3638
4111
7336
9156
4106
6264
27
5360
2659
5105
7137
3493
8959
4421
2749
4856
1879
4194
2218
7073
5445
1210
1404
1631
6445
7841
2079
4544
5963
1522
6303
8162
1116
3307
2527
632
9214
6354
5206
4045
4897
7816
8134
5960
4971
3940
8671
2531
3568
2860
5203
2318
5662
1021
9707
5460
9111
8626
9282
97
725
7747
4685
9988
190
6051
8861
6756
1962
6227
6999
8355
1453
8038
3155
9936
1080
7948
8272
7062
2510
4001
2953
9148
9614
3281
6751
702
5049
6732
8624
785
492
9964
2941
6634
154
1270
4604
5867
667
9894
9637
6708
2128
2132
7919
288
3444
345
9073
7406
9955
9936
8099
3130
3311
774
4555
499
8892
3121
4042
9103
6027
3127
4792
8051
6531
6398
8785
6274
7828
6290
6000
3717
5760
8708
7212
7769
3346
9571
8573
1563
8302
8898
9995
3225
2563
5009
9607
8387
5868
3461
6157
212
5904
6934
1111
2468
7129
3838
647
6446
6357
7211
264
3728
4595
6995
7162
6938
2292
9329
848
7757
9726
9809
4166
8297
8823
9246
3957
3796
421
9650
4213
4088
4700
8537
8184
1664
7130
901
8768
3870
4076
3259
5967
3229
4816
1763
2031
2043
1209
3025
7368
3464
6659
931
4581
4845
9517
1607
8032
716
3952
8358
6317
6623
5551
7329
6299
1754
7480
3686
8050
182
6376
8299
1823
278
9145
9708
1793
8665
2978
27
4124
2917
4449
9897
9551
5528
5490
6661
2459
7667
7540
6430
8415
6488
7288
3256
4196
3432
738
6268
7942
7487
5232
7139
4771
3831
4726
5344
4230
8092
1610
5796
4795
3581
261
9165
8993
8147
3063
5314
7790
7130
3655
7887
1867
9582
9608
8323
9772
1038
4929
4875
1313
1374
3734
7717
4929
4086
86
4578
216
4744
3615
5564
9642
6533
5756
4256
8971
9860
9586
4164
8712
3156
875
6231
3630
7695
1619
7841
7089
4447
2726
3780
6871
5063
2279
1402
2226
7920
1415
5990
1446
8708
6155
5409
9474
5745
6286
3751
275
3939
3108
6049
4978
401
2082
662
3646
8317
4441
5082
6591
9227
7933
183
9672
5190
6684
2694
2516
5124
4847
785
6505
4053
8461
8693
5368
6487
3817
1662
9323
73
5464
2020
2545
4892
9742
5360
1488
3384
8453
7713
8149
2475
3448
7260
5476
8887
7375
9386
7050
4938
6014
4015
288
7440
7586
4214
6369
3589
6449
3133
2216
3085
4843
5140
4139
8281
6459
625
2799
2902
923
5638
9025
3117
2929
5098
6025
991
630
7793
8960
2206
4664
5353
6128
1702
2515
3884
761
7085
3240
2240
7213
5231
1182
2602
4703
9250
1814
3173
5636
2167
1227
6336
6690
7876
501
2544
7260
5639
7117
8941
6645
9141
3691
4852
9088
7760
3776
7877
3359
1347
7789
761
9110
6091
4712
8384
8498
5426
3016
4485
9995
6314
1540
3081
45
242
8957
6264
2536
9150
6378
2540
2467
1040
7078
7226
3870
7006
9860
6065
6836
1963
8780
1376
2350
9915
8364
1458
156
4632
3689
8458
9965
2528
9435
869
9558
9449
546
2030
3959
2754
8612
7346
1527
1607
7289
6251
6985
1593
1656
1069
1042
247
8015
8237
6142
948
2687
2917
6789
1189
4158
2843
815
5624
2922
6420
7248
3464
2406
4339
2015
5765
7349
5786
7917
167
5454
4722
7226
2677
2022
4846
8737
6846
9152
4089
7963
4342
8101
7889
1704
6046
9635
6782
9916
3501
5779
1270
3794
6308
2398
9265
3765
8497
5782
5111
7017
7407
4984
3082
947
8744
7338
942
8955
7565
6611
1218
4977
1079
8855
3494
161
1177
189
5034
7601
5522
9090
2902
5295
4785
7970
7247
3257
789
1175
2338
8727
8255
8376
922
1445
7734
8024
9747
3217
439
2269
7124
468
4292
5513
8468
5990
9666
4000
6611
729
5016
2839
6451
308
7881
4649
9298
3984
5826
9819
6297
9357
7643
7063
9510
7382
6296
2388
557
3208
1712
8576
6449
1653
6947
357
6603
9312
9717
2439
6375
539
8825
7324
3457
4466
6381
72
8711
2744
348
7825
3345
5801
5931
5571
6465
8603
7123
2058
2100
6454
4215
7258
2453
235
4572
8530
595
9135
3899
2046
7843
6931
8631
4169
3772
9343
7218
9708
1947
2080
1307
84
7416
3
2662
6599
8711
8042
1605
2217
5168
3941
9463
100
6411
2333
2932
6858
6033
8828
6865
2521
909
5799
8180
8005
2568
5374
478
3184
5679
7059
8222
1231
8935
2735
8723
8487
2575
4772
8965
6804
9289
7439
244
6245
464
6472
6470
4512
1805
4126
2036
9091
3918
3608
1623
5572
8878
66
5373
8843
7216
1207
1225
6194
1716
461
5951
8999
9036
3682
1486
9638
2124
3286
7624
6914
783
3893
3045
3216
2012
2170
5394
7941
1981
7769
5815
4985
8089
6187
9687
4157
587
861
4397
1370
8262
1573
901
3973
4120
9123
4326
3487
1381
4795
8002
7553
1540
7027
9953
9515
9828
9428
5392
2682
2653
8252
4900
1840
2519
9580
2403
496
2452
4788
5852
7212
6129
4770
3917
4873
1960
1907
4292
7871
9131
6968
5914
5462
5779
1600
1362
9578
2128
6582
6553
9152
6347
5586
79
7795
432
3269
9496
5337
3553
8967
7894
676
9605
3718
9469
3817
3162
6966
5956
1947
3052
6376
3258
7733
8019
1024
7640
2111
107
5354
8290
7220
8633
9436
1859
6201
2550
6706
3822
9393
7924
2899
2662
2811
1091
7443
6043
2808
3183
4981
2168
3753
7112
3691
2073
9093
7168
3225
92
7653
8858
1294
267
3286
7946
237
9559
151
8653
5826
1395
5448
1400
7079
8564
3084
6737
4973
6946
708
4387
580
4214
614
5463
9930
52
356
6682
7884
29
4758
6100
9594
5048
4695
2161
24
9129
575
4588
1967
9595
4742
2577
1083
9225
4425
3982
2436
8348
8292
608
5539
5297
6329
7243
6574
641
6217
6547
8145
959
7606
1820
4768
2702
7231
7988
3883
6298
1294
6046
4511
5798
8350
7162
3016
8962
8056
1750
531
4053
538
4084
545
3199
4320
4689
4233
5055
2976
1245
7852
1058
3908
6898
5786
4716
2430
6185
7952
1228
956
654
100
6313
588
6835
2014
3193
8672
6322
1950
4966
6582
7191
7618
1563
5749
8746
748
9840
7785
4715
2942
1030
8233
6271
4160
4479
2574
6634
275
3649
5657
3041
5155
8933
3880
6924
7572
4093
9681
1805
9548
2653
8570
3726
1900
6001
7808
6336
1091
3242
9960
8178
6151
1623
6451
1082
3384
4031
8026
3818
1923
5540
1438
1488
740
7796
9486
1817
2098
3605
9472
6402
3599
2361
2643
5760
1533
5441
5437
5136
6865
5030
1485
5505
2288
9863
7855
373
6915
1239
3843
8656
6428
1468
32
8826
8647
4024
5649
8372
2875
7834
3212
978
5294
5182
2621
1818
1366
6734
3319
7401
6179
5865
3858
6620
3689
6151
3260
1113
7394
5784
8158
159
4921
2389
4198
4670
7071
4261
5473
8038
4129
9962
1192
1559
7618
1844
591
6955
1527
2065
4936
5765
2442
6713
8374
6278
3737
38
427
4627
2551
7885
5982
2693
6030
8023
8024
9740
9371
5765
2973
450
7082
5572
5112
1884
257
4060
5115
835
8284
8078
1970
2254
6047
6667
5860
667
8873
2037
3583
1460
6929
1136
5588
9650
1144
2767
5912
7657
6026
9336
7156
798
2877
4219
4697
8046
3113
5511
7668
8700
8302
3686
1546
8485
406
2347
8439
9951
2958
5873
9779
3110
9767
1422
801
815
5176
1245
144
3060
7766
5337
5575
4877
6337
2327
3266
8983
8723
6733
6701
4677
4928
1220
1229
5341
2336
6931
7916
8915
9678
8459
1928
6299
9140
3706
1874
8455
7976
6039
1152
7507
5556
2273
664
4345
6635
9036
5020
2367
9924
452
8285
5468
8498
7246
3576
5857
9885
2406
564
7559
1238
4928
9310
7858
5246
7889
7860
3922
7106
4588
1400
779
2523
3459
2230
3912
8434
4360
566
4057
6836
482
9750
9420
9298
377
3752
8069
6874
369
8490
6245
3671
5907
7519
3189
3511
9334
493
5333
7170
4931
7189
1804
3954
3757
6394
2312
117
3057
6493
9804
8835
7690
5423
9523
3593
9754
7155
4971
6303
8316
5879
5252
5840
5093
4132
9945
1851
6199
8289
8927
1794
206
366
8668
1011
8939
6122
5639
4342
6608
3088
3020
6601
6564
5713
4108
4442
2948
3832
3908
7444
9465
2785
2583
7917
4244
9775
8895
2544
4888
3021
2746
3752
6829
6905
35
8640
5528
1584
780
1581
1325
8720
9438
4653
3418
3490
1810
4716
7646
4627
3198
3231
4865
7199
4898
6620
9915
19
3625
2083
3556
5296
3121
3620
6813
1585
7079
836
9252
6518
5162
8046
7213
4391
1003
9645
3295
5651
7226
4812
9770
9961
425
7731
6835
8782
4750
478
3996
887
2319
8505
629
7943
7961
9329
7783
1184
2766
4078
1979
9203
598
4369
9520
9261
6609
6233
8145
7375
782
9499
1685
3027
7456
5946
3344
9523
6065
7188
5093
9292
6807
8320
2152
6657
6658
9557
9042
3141
8573
2070
3646
4155
7206
1578
3999
6359
645
5881
5810
6501
3872
7191
3041
5834
4801
1798
2068
9747
1060
5852
5018
6683
8745
1297
6816
1980
7052
683
5118
5226
5369
9908
4301
1425
8067
5054
8065
5865
3945
1758
2841
6583
5222
7120
7897
6121
1385
6773
1772
7836
7400
3577
8824
2984
436
2833
3785
5495
6810
6801
8833
261
7975
1690
8926
4956
6311
158
1540
297
5383
4198
7471
2791
728
9126
6019
3715
2658
8752
8285
5869
3692
3967
6527
7916
2283
4792
8809
8122
9543
7713
899
8741
8633
787
7205
3317
6576
415
251
8399
2963
2679
7935
3451
7881
690
363
7626
5499
3585
2324
4405
378
5631
9024
8909
7770
8978
580
5988
587
5741
4726
808
7158
6985
9858
8673
6594
5790
5365
2542
8419
9310
1337
343
2339
857
5432
7994
81
6253
2771
9797
3105
4115
2505
8871
2797
3488
4747
7220
7752
6276
3116
2741
804
3167
1786
3616
7867
5358
1198
4494
4986
9562
9714
4058
7731
2590
432
989
4858
2523
4596
6435
4553
466
2519
7470
4770
6948
5528
6947
9602
4334
6768
2144
1279
4452
1873
701
6550
4904
624
1485
6992
327
5209
7675
1998
6256
3487
4818
3644
6018
9201
5351
5158
8983
4763
1266
9370
4434
7300
7848
9405
9938
1130
2288
2077
7203
926
7893
9850
1468
2172
7986
9427
5842
6323
4010
5425
6260
1550
4739
1329
9810
6103
1559
6157
6026
7062
6980
6482
9255
612
6633
4520
6033
511
9851
4624
5375
5065
1682
3549
8687
6488
3798
2821
1021
4985
2749
4091
6001
8571
4418
8403
4889
847
6112
8686
9246
9878
1938
7976
2523
2716
1866
5719
6957
1952
25
8210
2264
7481
3270
5037
8778
1150
2242
4026
4175
2985
1602
299
6574
6605
2877
1445
4701
6178
6245
4657
6294
6897
2250
7996
4872
3764
7926
5939
8961
5060
3075
726
1574
3861
5508
1260
427
5295
