128
1146
8389
4399
4126
3912
9618
4636
8025
6906
7612
3277
5605
429
2897
5699
285
6577
4244
4347
7921
9211
4933
9985
9496
1451
3178
3730
1250
7821
6226
5556
8462
7486
5241
9985
361
2538
9103
3764
4034
6845
3757
5653
969
3933
490
9067
5083
2253
5388
9155
6913
1050
3998
8605
5032
4209
3330
5450
8941
4479
1544
9227
5289
6179
9656
7728
684
3457
1038
9762
8597
4181
9936
4320
4139
5392
5858
4212
4723
215
7015
7160
1736
4808
8224
8563
1218
8780
5119
1922
2674
8075
5119
7500
5408
2552
1961
3840
9534
9217
2652
4607
2256
8776
494
2525
5434
494
2435
7683
2917
9524
1785
9969
7769
3956
8037
7430
2894
5477
5931
5634
8648
8377
4743
4359
8028
