512
703
1596
4111
9524
2309
9439
2121
4759
1889
1065
111
8025
8965
701
3508
2488
1704
3469
804
6183
647
8308
6436
6028
6578
4155
1904
7893
6868
2696
479
8309
8582
7990
9027
5535
4543
5031
3657
9320
1063
5439
8174
3235
3341
1142
9630
2416
1970
3719
2018
9937
404
1249
4528
1265
2325
2350
5045
5398
9950
9940
6757
7711
5904
825
1729
3774
1260
9640
685
4486
3719
4096
6705
684
3591
902
7575
8853
3114
7708
1193
5114
9624
7566
2752
6366
6621
6954
2607
2022
4185
6398
574
338
5993
836
800
6736
7133
6158
575
5722
4338
9653
3730
7136
8435
8538
9017
836
8373
6917
1777
4652
9224
1780
6967
6191
1341
1787
8809
3879
8603
4603
4978
7496
5179
2820
4688
2097
1606
5268
9621
7575
5148
5877
1377
4847
4601
1220
9861
1720
808
7073
460
7464
583
1322
7267
5604
4397
7854
6500
9302
7675
7829
2624
8259
5479
7362
658
8999
937
8362
9950
4844
4631
2543
5788
2751
8593
6580
9313
8269
8344
4889
3281
8453
5050
2412
5997
8347
123
3035
3270
7984
7830
8594
4071
2344
7009
9143
6481
6019
8350
8774
4923
2370
6836
7162
6272
1146
4309
2530
4941
2995
2592
4829
9424
908
1495
828
3485
7104
5484
5834
94
2895
4937
3040
6227
5629
2937
1468
8856
458
2968
1308
6371
5331
3648
252
2049
9446
2753
7640
1750
591
1235
101
1284
8016
8366
9958
4024
6352
3449
4249
504
477
2712
9121
6280
2693
6429
7725
9902
4487
8733
4673
3696
1250
173
3418
4122
2742
3547
6909
770
2313
1370
5905
223
2612
7567
7578
7724
8981
6824
1297
499
8086
8994
9781
520
8425
8607
692
317
5541
7371
8285
4143
9240
7687
4937
7874
4723
3548
6169
6862
5990
6511
8414
3496
9989
8213
8363
8573
777
9698
1198
5636
561
1417
2025
7973
380
4055
773
4001
2799
37
6535
1827
272
2782
584
7669
9146
3100
3193
673
5706
359
7069
9976
3281
2782
9271
6492
5367
6887
1483
8367
4020
1225
2844
7421
8084
7079
7738
993
4737
5136
2182
625
9253
9077
267
9468
4748
4163
2277
8703
1353
9463
9915
1518
832
9620
5674
2224
3343
2390
5378
8019
2562
6247
901
3194
7285
1201
1729
1053
3729
9603
2954
2207
5639
1186
2291
563
3539
7089
6886
8698
908
3287
3626
5827
4872
505
4648
8649
3535
537
2602
3219
2125
3729
8055
2226
7201
3490
8265
1226
8027
6
8864
5547
2490
1106
3999
8008
8157
5610
9999
361
468
8643
8169
3090
1356
964
3996
4475
1576
1849
4396
9710
3579
3059
4435
3429
9396
1464
6091
9611
991
1456
530
2829
9196
5496
7172
5481
6407
5877
1289
973
7678
3028
1903
8159
3213
4675
2176
5682
472
4520
961
6468
4072
9085
4732
2892
809
5573
5421
8906
5992
2231
2300
5326
1163
3517
7867
3664
67
1945
2845
4581
2994
97
8645
9242
7726
3656
3760
2903
5013
4795
7650
3302
489
7330
4799
5717
6627
