256
2870
6467
8936
2950
7945
9275
8267
105
6995
4102
7516
2142
8125
8935
3688
9615
4809
5024
5733
1966
4547
1330
1105
2745
5560
7804
6087
2009
9812
2850
9197
7505
453
9961
7906
4117
2074
8338
2859
3103
2915
755
1425
4105
9477
3938
2705
2652
392
8573
8437
5329
4644
2659
3733
770
4061
8969
9868
3411
8586
7247
7208
9406
263
1372
2757
2369
1984
7182
2832
2822
7137
9783
9901
4582
7649
2975
1596
6746
9028
8394
5068
9177
2426
8392
6945
455
3733
5839
4377
3778
6426
7591
5623
7648
2166
8841
2570
350
8778
3498
2301
5333
5118
186
2558
872
1666
6846
8940
3900
6321
7580
4809
8297
58
764
124
6852
9016
2225
9644
4190
9963
8788
4454
29
9212
5080
997
408
6627
2069
369
6338
7248
8211
9563
1237
8519
158
4035
385
5427
7792
8688
6668
3389
2525
7291
141
6886
2370
2090
8058
3491
8957
544
9820
5821
7379
3507
3073
9941
2311
1171
2719
5550
2591
6235
183
4014
918
4842
6364
2251
5503
244
8097
9597
1858
2916
1595
9348
3194
8025
848
5912
7515
2518
2002
1559
8823
3871
3478
4756
4145
129
7784
7669
5108
2736
7546
6114
651
4937
2076
1830
752
8575
4724
7576
6492
259
7096
1598
2833
8132
9439
5496
2682
6749
7151
9514
7283
2369
4399
7989
1209
5723
6618
9386
4634
1606
2702
2486
9267
8817
1667
1389
3879
9351
1486
6889
1835
7162
181
7251
3474
2442
4724
7930
8393
6046
3673
