4096
9280
7084
3208
9006
2254
3755
337
5091
8027
326
8539
9117
332
2882
8906
6041
1270
8894
2319
6860
6989
1507
743
1784
4885
6708
1757
1315
4679
5299
7300
1868
7394
8019
6536
1986
435
6279
2256
3676
3689
3096
6918
1937
175
4325
1522
5938
7002
9374
9485
379
9247
9941
6488
1987
3061
8507
2639
9890
7184
862
194
2159
2940
2470
8566
1743
7779
3138
3843
9601
5329
2095
636
5954
5656
3377
3124
7557
7851
6454
4464
1943
1065
844
5470
1075
1836
8505
8945
8478
6462
5306
8326
5920
7451
5373
8517
1353
1395
7549
9585
9424
9938
4486
7413
2909
4377
4421
3018
646
7316
7505
6432
9242
5481
2175
6783
380
4248
8744
9908
765
9463
1971
7421
5941
4054
649
7501
7052
6733
9827
3993
1831
1198
5894
7869
3751
7700
1512
4321
9037
8477
7266
2920
7363
6346
2504
765
631
7617
6498
5919
5331
5310
4084
8895
2159
7526
2579
5849
2630
7351
3930
3569
2722
3322
6030
3184
1679
8772
9182
7516
553
9812
7477
5585
6869
5505
4401
4753
3179
6237
2953
6184
6324
2389
6052
7069
8630
3974
259
4730
4110
8583
5764
397
8789
6201
1218
6287
6910
9909
8091
2336
8843
7562
6030
342
658
7313
1701
329
4812
8817
3334
5234
6259
6822
1619
2186
6203
1151
971
8039
5791
7055
9765
6460
1429
7981
7284
4615
5640
2548
4001
8570
1276
5927
2014
53
2350
8989
8780
373
399
7484
2666
1988
4341
3907
1010
9978
8898
2032
5903
9088
9511
1078
2909
3223
752
6983
5673
8256
7114
9680
3862
5081
1342
279
1165
4433
6082
3295
8306
2604
1749
5648
9710
6121
5358
9143
8522
1274
9773
6025
7591
9256
8710
1699
5369
7377
7948
1451
1884
811
337
5822
8209
5980
3497
8025
2595
4514
1767
701
7665
1492
8687
6424
7055
3851
7040
267
6905
50
7037
945
2142
6000
9957
9841
7837
6419
8229
7454
8354
9797
1122
143
2930
903
5370
3721
5517
3198
4186
4334
2963
7845
6182
5873
4880
4789
2272
4916
3421
5103
3148
7848
2924
3914
6118
5110
3748
3649
7676
2722
6412
6496
5327
4487
1643
2486
316
4027
3859
8459
8347
1526
3354
9648
8163
6690
9254
6348
591
6155
90
2940
7442
5539
8347
1508
3510
4873
6074
2264
9387
712
6689
974
7612
659
5352
9750
6722
238
2205
5586
3633
1373
3483
8077
8352
9737
6359
9754
8186
3959
1667
1492
8373
3217
141
1066
1091
6757
2176
9199
5386
2783
4866
6394
8645
7996
6335
2478
7801
9903
841
4934
3297
2364
5303
1081
9243
2371
2632
3635
2076
9143
7497
6428
3389
371
706
3192
739
590
4850
8809
5294
601
1005
358
3740
6896
533
9161
7277
1117
7202
1779
7328
8040
243
3909
1614
8001
1347
4320
4390
9487
9469
3697
8964
2322
8543
9946
5330
6166
6568
2366
9829
1184
2434
6989
6163
6558
6908
3538
1164
7634
8456
4549
8691
9593
8772
980
5822
9315
2224
8472
897
8344
3619
5575
4237
5543
8666
9679
4155
3995
9694
3953
5286
839
5744
9133
6047
8780
2862
4333
3257
8968
4904
412
898
3296
2260
9829
7661
1162
1137
464
8904
4045
3205
7762
3195
1577
3974
8846
5687
7087
5143
7941
9753
6269
9032
4309
6276
7202
4987
7204
7865
1383
7495
7470
6985
9475
7582
9459
5483
9752
219
790
33
3897
9212
7992
4061
476
4174
9115
5614
4222
3476
8576
5005
2430
216
7673
6399
7029
5702
7085
5325
1560
431
4086
8940
5237
4613
4606
5629
3116
6031
9086
6228
1102
9849
527
3862
1262
542
7024
8744
8577
2189
5701
1693
3923
3427
4176
7182
2000
1945
4697
349
8646
5083
9256
1527
5411
564
9618
716
9739
9976
8441
1878
9287
9253
6650
1915
6008
4279
5001
8389
2613
4470
4696
5618
9675
4524
916
7846
7657
9996
2926
7806
3496
1012
3920
9529
4614
6398
4071
9347
807
6185
2015
4049
6209
8206
7442
3558
7299
6018
4995
1257
3782
8255
7044
1624
3757
7543
7527
59
5202
6539
4539
3118
7114
9740
2233
7126
8052
2419
7524
9023
5465
9938
3341
2412
2085
1922
7316
5893
3346
2195
9235
8220
949
2452
444
8004
1679
9427
4698
8615
2354
6906
546
3905
3701
2771
6790
332
2795
5559
265
1462
129
5399
2671
7482
3170
8668
9354
8675
2740
120
3324
8210
5769
1835
1938
9573
2023
8877
6058
2491
4161
9934
350
5667
675
8880
2274
2777
4770
8191
3573
5741
2497
8928
5221
9213
4429
4691
1584
9190
3192
6447
5250
5432
8441
5125
4812
564
1248
2927
9714
500
6990
7189
3092
2857
4618
1538
7704
8347
5218
3391
2424
5756
8585
100
1281
1959
4300
3114
3341
5771
1606
8462
8067
1067
2951
3578
6228
8970
1806
9530
6212
2013
6344
4090
740
7298
7276
6508
8080
4426
2527
194
1856
1310
9054
3630
8442
6886
5196
1956
1486
1162
6058
8125
4980
6436
1984
8924
1991
4868
3636
4792
5684
8917
8854
5992
9009
7110
9375
8885
5119
7779
8360
7667
9114
8834
5597
2102
3783
3322
9519
9390
4884
3077
2428
4808
2622
6532
6252
2990
2560
7155
3489
2672
2091
494
6524
5667
2986
665
4048
6803
9423
5230
6499
8336
7728
3875
1525
3577
6760
7527
9503
7259
1705
7515
7436
5938
5234
2610
4984
6813
2898
1924
1259
9221
1055
3920
7310
8208
3276
9338
1262
1092
1343
9085
6731
5863
6836
4655
2868
5877
2189
8151
9281
1020
379
1364
788
7458
5802
3089
7082
2286
8351
2517
9658
630
3616
4226
1185
1528
5710
6058
2558
8367
9680
721
7743
5189
5397
9988
4359
9863
9866
2748
5353
4651
4113
6933
759
255
7657
5619
5050
6633
9028
987
4551
3955
7666
4419
5853
6789
1987
3521
8953
2546
5230
3184
8756
1505
8800
6287
8850
3774
359
8935
3801
277
5868
8192
8731
4127
511
4476
7379
3149
1385
6431
4980
666
9052
2073
9699
8119
8977
2448
9061
6467
5342
780
1047
3016
9374
9500
652
7610
9340
2003
4523
4674
2459
4510
9746
9544
4644
4502
4895
8495
1667
9365
7131
7546
4814
6721
7900
2808
4621
3581
8776
3900
5777
9418
6562
2258
8496
1931
474
2046
4712
3082
9096
4283
4649
887
946
3494
3777
5550
7026
8860
3658
5057
5725
2333
6212
3227
9765
7681
2064
8466
6654
2834
6842
39
4892
8049
5975
6566
1989
8445
7881
404
7406
3953
5521
3886
9113
9797
7679
9631
2322
1195
6532
7095
7877
2577
2096
9727
8539
1301
5020
7130
8519
490
5900
2814
5510
670
4607
5286
717
4005
6020
6015
9925
3998
3314
3213
3019
9424
2324
4680
9348
3520
9691
6831
3852
4553
2060
9579
1749
9502
7271
2688
8043
9211
724
2361
4346
4361
4941
852
995
5111
9123
4974
4194
4911
3011
371
3623
9829
2277
8023
8028
1187
8436
7253
5387
5638
5297
214
6725
398
2728
6008
6760
8292
2929
8097
123
7502
3517
5732
7079
6051
8925
2907
365
10
8322
8739
7520
9203
9241
1107
8168
1617
7109
1178
3475
5769
6890
7335
5945
7749
4073
4369
5651
4159
2325
1816
8073
1233
556
8377
6764
9190
5550
9532
3796
2801
6700
253
9322
3018
8813
7370
7172
9251
3572
7984
1961
5348
4478
4146
949
263
2177
1525
8685
2059
9202
1838
226
2840
3222
8953
8019
630
9397
3777
6177
3955
9028
4713
4300
8374
1644
8504
187
4696
4098
6342
7555
5512
4958
9679
903
1422
6137
3390
7975
9602
1357
7647
6257
9561
5757
3941
7771
4941
1072
300
6711
5337
5205
3801
415
3128
2654
2104
2434
1148
718
4690
7418
4228
9819
9864
5106
4648
684
839
3495
8364
9806
1303
3640
2591
1889
7127
9816
5272
6723
8200
8852
4994
1625
1760
866
8284
4304
3495
2823
7363
9949
6882
1918
4843
1200
9355
9754
5935
5255
9867
122
4898
9024
1497
2037
9270
4958
2292
3575
4148
9638
5264
6135
4233
1264
4465
6175
2107
6325
2330
7359
1684
8606
6240
3820
4231
2155
7621
3335
4483
6114
35
8673
2578
7419
73
2369
2945
1645
3772
5964
8576
9857
9811
1857
5016
7132
2642
1765
7774
9638
8297
5695
4414
1931
2139
1229
4380
4211
6608
1739
1960
4243
4982
5070
7789
3470
8635
2601
6851
6002
7039
3175
2624
8906
5552
5299
4767
533
7930
8968
3105
2868
3208
3292
4226
5231
1321
2177
8174
7447
4881
4596
9313
62
5254
5272
2941
7553
1158
7359
6587
6342
8781
2116
2037
3805
3597
2875
1932
4687
8645
806
712
6480
4072
9405
1246
7320
848
5483
4944
540
3327
1835
3810
3674
6526
8292
2642
6164
8951
4371
1082
5900
9140
3923
6922
686
5736
4477
3824
2611
6829
2992
9478
6643
4965
3927
8861
2030
9969
3559
4740
7169
4012
5414
9851
3342
5161
8803
159
9125
2105
684
5280
639
6600
4657
4163
4795
7123
5603
437
1491
6328
6771
7813
2166
8538
1389
3906
9720
9162
2209
5997
6580
1370
690
9620
3681
2978
1583
697
8345
952
3243
8430
8935
453
2737
3634
1569
2569
8780
3647
4215
9074
6845
9396
4081
4322
172
9740
2328
4080
2527
8383
1816
4706
11
1695
770
7322
6633
9472
7301
4634
6659
7459
7181
3630
6917
8098
2499
7979
7614
6760
5708
561
8022
2555
9187
2721
2588
5988
8053
3473
3998
3799
6677
3509
9166
3347
8726
7729
6239
8537
8731
9579
6870
8873
3023
1032
8808
3581
5761
3921
9500
359
8854
4944
1861
3969
5303
336
5320
8992
5256
1300
3455
4921
9171
2406
7662
1206
7016
323
1777
3765
6262
5044
7151
7495
9687
1664
2020
5448
2395
6575
8400
7729
6036
4824
8466
5357
113
4919
3098
301
1577
5636
230
952
2154
1268
8218
5343
8701
7082
1662
92
469
5508
540
3792
1021
9496
1280
9464
9295
924
8578
804
3290
2839
1763
6346
8197
2991
5660
4350
2012
1490
8168
2690
643
4258
1550
2115
6649
3463
4479
9334
7604
35
5488
6471
9257
4052
3554
1429
3231
6449
1597
1823
4379
5443
1279
3184
2535
537
8943
9078
275
6177
7789
2289
5426
4270
9686
9474
3223
8949
6431
4599
7340
97
5566
368
2716
7271
6907
2756
3071
6660
6332
9673
8799
5642
8344
3992
9896
7933
4058
4790
4456
2604
3462
5833
2636
2639
4366
6564
9248
5828
2090
7143
9940
7026
2460
8568
9928
3325
8346
9260
1255
431
2866
7518
632
8849
8844
64
4275
229
1642
5275
7778
9403
8512
2508
3457
912
5559
2975
8852
8395
7645
3973
4584
3356
9738
4953
7394
142
3091
9141
3380
8153
3577
6525
3009
1269
332
97
5720
6348
2927
8200
1197
9700
7058
6193
4698
746
3498
7813
4501
905
6342
4812
3895
4661
83
5743
6560
7392
6076
5541
8178
6117
2196
8200
8567
8941
9294
3793
2653
9828
2310
55
5291
8679
8294
2184
2848
6158
6926
4392
8181
8072
5654
959
8320
1421
7494
3565
9682
7819
6366
2542
4856
6582
4256
4787
9610
7797
8097
6503
6934
4602
7760
5849
967
7703
677
5065
2659
1664
1945
7672
112
9368
6206
8678
9024
2195
5585
5974
3218
4101
7308
2743
1700
3750
326
1023
8017
476
5413
1467
6309
6009
4764
7684
7293
3846
3016
631
4861
6942
6914
7130
9519
9553
3632
3330
3335
8748
3054
7320
9150
7519
129
8118
546
8625
1043
6784
2988
6192
7784
33
8091
7158
1849
2151
6577
1863
6882
3680
8597
5213
4852
2849
2931
1694
1655
5178
2666
9506
5637
6330
6709
5738
6290
9331
3999
3157
7242
570
2673
8492
1499
5952
9635
6521
9447
4356
2585
7186
4855
7688
1700
8601
6033
279
2310
9645
3635
6300
614
9295
2360
5093
5996
7873
8887
1044
4070
3691
8731
2657
5552
6749
3324
1419
9792
4156
7180
1362
3180
2443
5472
8383
9976
8552
7806
9992
4432
3171
5943
844
7135
1389
8676
9070
120
5589
990
233
4069
5483
4039
9514
5761
3429
261
4025
3594
6627
8659
6152
7203
8573
4236
1547
9159
1412
5887
2499
9380
3876
9694
2382
6927
2229
8107
4007
3966
1528
8205
8562
8081
3699
5569
1622
9499
4299
3180
1133
9744
2286
4942
1094
4965
1402
7193
5353
6325
770
8635
5446
4227
3530
3918
3891
1638
4734
8297
1475
1862
4269
3410
438
6286
5762
5240
5934
6027
4654
6399
479
2063
7611
2359
1129
3272
6308
536
6968
7670
3869
516
4411
98
5215
9818
52
4089
1868
6812
9603
6285
3864
835
772
3595
2846
9209
4403
881
3649
4617
3565
2991
3530
1184
6682
3251
5355
7661
6708
7025
4506
9135
8077
5971
6809
8316
6286
9672
9257
1639
925
6710
5823
9365
9935
2115
2461
5402
4025
2347
476
5332
6582
899
9887
2080
2431
8441
3151
3073
8207
9151
5317
2283
4417
3656
3028
5279
1964
2945
1348
4960
7628
8119
1084
904
3521
8750
6162
8195
7212
3165
3251
7902
995
7297
6044
2463
8992
8525
1463
8212
6294
5780
6522
7376
1629
71
4934
7616
6675
7234
2018
3485
560
1439
878
5480
8070
9687
327
8114
8931
8770
2465
9362
7911
9765
7788
1099
308
9660
6218
1354
77
4399
5232
7051
4970
6234
7369
3556
7910
3882
6730
7518
9824
1124
1908
4533
6467
1651
3706
1195
522
2427
4460
3972
6883
9772
9309
5182
5976
9579
2390
3544
9486
4998
9346
9501
9808
6330
7969
452
7264
6397
7913
6198
2964
2886
5241
8685
7116
1328
9083
1375
5884
5844
5781
8629
906
418
9868
5053
3102
3588
410
3444
2600
104
2767
5424
9030
1340
5649
3824
620
901
894
28
6131
4389
8006
6651
4036
1843
8667
4959
9387
3261
2099
144
4230
8065
1538
2075
6114
2495
3702
2503
1157
8294
8209
856
8984
5241
1124
3963
3289
1223
1695
1401
693
8866
5418
938
2252
9484
6721
2381
6610
2038
5730
4973
8936
8038
3304
4000
7037
5558
7286
4141
4636
6993
9894
7765
7986
2728
679
1175
5028
5011
739
2411
892
8456
507
866
8880
357
5739
2410
5856
9247
7169
9345
3978
410
9712
1154
6115
7853
7381
6829
3095
3433
3570
7020
9784
5635
5247
7848
274
6347
2497
6637
9859
837
7263
1952
5141
1299
6706
1894
7895
384
7346
4159
5867
6589
2669
7869
6721
4298
2293
6397
6564
5254
9375
4665
9691
7020
8691
6266
9584
136
952
763
7273
7944
1375
2039
7027
5369
5795
3245
6172
9339
7954
4690
7477
5792
9209
253
7963
4300
1603
6852
9037
5429
926
5182
1746
6148
4016
7059
5176
7311
4795
6615
385
3388
1355
9723
8722
940
5497
1985
6787
6056
2828
5016
3152
952
3034
699
5016
9117
5801
4995
6620
2512
2600
4612
5251
6493
7136
9193
9367
2510
1752
5784
7393
6111
31
3256
6135
1534
6791
7421
8264
407
5190
2939
7638
900
3346
7158
3604
2523
3032
5807
4205
6924
6203
8702
9336
4780
6834
143
9184
4145
6872
1823
8306
2379
2732
3786
9298
3854
3523
6237
1294
1576
7324
2384
773
8231
2829
9070
7165
2521
9256
8276
4594
456
480
8019
237
106
9527
9671
1229
7761
5881
6813
8629
7558
312
2248
2795
9558
4867
3274
9090
1673
669
7481
50
957
9366
3178
635
4975
8479
5381
4273
2668
4381
9381
4400
234
3554
9952
2140
3529
268
5686
9576
5089
8451
1999
4876
7973
5372
8502
6524
8306
131
5341
658
2739
1873
122
1204
3326
250
5081
9058
484
8413
6252
5963
8000
3921
652
8392
492
3943
5486
2271
6015
6411
2814
9285
940
6053
4551
1023
4
175
7838
4771
2740
7819
3564
322
8538
6050
2221
9843
4511
1040
6545
244
3147
7077
3734
519
8685
1400
9631
9841
1827
5439
5644
8798
6842
4693
288
9679
8287
7240
6015
1609
6179
7604
9147
8123
5945
7941
2345
5572
5161
9388
5701
6646
1027
8719
8272
9617
9980
5089
3516
6913
5729
3424
9099
6099
235
3010
2620
2660
7954
4485
3946
1345
3721
520
2983
3812
2767
3472
4497
3910
1658
277
9908
971
4213
9351
3231
1777
6864
131
3719
6707
670
7212
5932
5061
9200
5517
9337
9144
5873
8476
6955
3532
6439
4414
4737
6142
354
2243
7729
6581
6175
8231
9832
5407
7129
9556
6886
9480
2769
1992
4246
1598
2023
3015
2792
1883
4938
7493
4634
8809
3127
4707
1308
9828
7974
6576
4647
756
9586
2740
7645
397
461
4486
5153
1506
8128
2840
8288
7795
5397
6885
8397
8154
1677
8490
2699
7778
119
570
8821
8354
7745
5464
7768
8412
4846
5875
9685
5071
2614
2894
1760
378
4922
1434
6845
9358
9013
4366
3150
943
5904
8093
7278
6361
9311
6977
3948
6205
4693
4077
9604
3097
1931
8206
8106
1195
6329
8433
612
2769
8922
9786
513
6138
7355
5187
5765
8834
374
6391
1982
579
8366
7054
112
9530
792
8380
8812
3370
1798
7537
1329
3314
4403
9589
2224
6485
5668
2592
6404
2435
5960
5531
6537
9160
9374
9312
3951
9269
7579
9634
1732
4304
7676
4735
9065
6901
9111
45
9344
2071
6337
7723
4308
8456
4612
6729
9532
2723
278
6759
9599
8548
5724
2092
4655
3522
7968
5313
5769
5485
8438
8566
4732
912
8924
9696
7572
6589
9268
5891
3261
2127
2532
2941
4978
8126
3406
5629
8095
9982
2398
2299
9066
8519
1772
3669
5172
5865
9213
4844
6121
7843
8471
1454
2324
2958
1349
6092
8455
6076
4348
3794
7922
4398
157
2959
3650
2897
5247
3943
828
7789
4913
6817
8315
7095
7114
3390
7951
545
891
1172
739
41
5834
9974
9318
4993
5664
8918
9638
7991
7426
8183
3896
8423
3061
4863
5946
2354
9244
2780
3271
8833
7178
1531
440
4066
7390
1390
5541
7820
6097
3020
6305
5040
3898
735
5013
2506
8239
9088
672
730
428
463
4441
5626
2104
342
4078
8470
9334
8609
8494
5526
8106
2827
3790
1759
6422
7175
2008
5508
8633
2818
3468
9260
4321
4560
1732
8455
596
1413
3118
3255
2175
4386
7039
3443
6100
7821
9786
1560
9633
8527
1237
6054
5556
5331
1916
3293
4882
4152
8251
7568
6571
3282
9743
5936
6259
7153
9345
503
2919
7223
7743
923
8939
8095
5853
3650
610
6816
9502
4082
3711
5893
1897
7818
8717
8059
1310
4809
1349
5163
9146
5515
3644
362
9308
8435
1066
9312
6150
1
2639
3767
137
9429
2365
9068
3767
9308
5932
8365
7237
2829
4626
3761
7312
9301
5081
2214
1907
9718
8628
2574
8578
4405
9403
8828
3507
8997
7077
8214
5863
5312
7599
9881
8070
4395
5426
5944
6869
5151
6446
2064
3723
9749
5948
68
994
7571
3966
3085
9822
9089
3748
8040
2643
3779
1988
9202
1412
4458
1268
1256
5397
2614
857
2883
9101
4578
4482
2532
3998
1492
1658
6053
1770
1100
4943
2831
5790
612
1449
6257
1631
1482
7232
5800
2665
8805
6019
1860
621
8471
3633
3834
6791
2913
5200
6176
9328
1540
5563
773
6890
43
3845
6296
1086
4576
4255
6303
292
3143
1742
4223
5473
5653
7349
6731
1141
7029
6050
1021
6512
4711
2053
139
8273
1009
9287
2506
3861
8755
366
8994
7692
6698
7851
8987
6510
5975
7143
1492
2598
6346
4199
4230
9270
7195
9590
9426
4402
4751
8581
7426
9972
8730
4582
5614
2228
5334
1474
6572
7155
3587
8022
6643
8075
5718
6546
9584
8056
6904
1286
3516
8628
7907
8994
6562
1165
4265
4206
8901
4672
3344
2216
9105
3163
1663
8822
2542
3125
5241
4309
2225
6220
7203
62
7910
3581
4921
2588
2116
8247
9472
3715
4574
6582
5339
319
6131
4961
4862
9736
832
6845
3502
1958
9265
3249
5378
2141
6940
1006
8010
5831
6309
9489
4861
1419
5256
4074
2034
2373
6940
4141
7034
6900
764
3696
9296
4809
7951
7680
8926
9708
9571
8585
12
3967
8475
4276
9389
637
1391
972
5462
8131
949
7226
8460
8120
4218
7982
9444
9824
5091
9472
1885
5538
9012
7920
2800
1797
3495
9422
6627
8080
946
6900
7596
9099
297
558
7631
2170
1783
6437
3286
6765
3211
2893
4795
6238
3043
7726
3814
8731
4900
6496
1652
3603
9088
4067
1951
1742
2595
8141
6686
6604
9516
4902
1443
7139
6552
1641
3413
7088
66
8381
9045
2612
5030
9192
9148
1819
4165
7756
3468
1446
6736
7119
4382
5106
9783
1692
2021
5720
4462
9074
1788
9403
3092
6473
7646
4631
7550
7612
9581
7139
8883
7713
4386
9557
7568
1113
2382
9967
340
3509
6306
2007
5576
3754
8218
5702
7444
4790
5786
3325
8165
3566
3123
7488
3339
505
8781
8614
1081
3795
5864
3563
9234
9220
6936
2488
9073
9719
4026
7409
8375
6462
2121
5407
2930
4795
308
1023
3179
9279
9961
836
6053
9057
5036
8344
3326
1848
2682
5706
3367
3129
47
4882
394
673
953
9731
9135
2297
2878
9710
3934
1129
8422
639
3004
605
5606
3550
4415
3934
5306
3065
7263
7214
7588
6694
5857
9151
7717
8453
3190
2331
9969
4748
2809
4360
7654
3740
7164
3933
372
3184
6894
8138
6393
4346
2990
6452
1262
5746
4302
6166
8930
4031
310
783
3965
2908
3114
4528
8472
8193
3140
6629
3098
3906
9780
5397
3985
7388
6377
8721
544
5682
1791
525
7921
6797
9685
2
4270
3175
1081
9548
1244
7496
311
3882
8401
6443
6924
5623
3882
1378
7175
7264
8830
8117
2116
9519
9755
2805
4331
9127
1824
5350
162
8606
8447
5266
7882
820
7959
1331
4440
5142
1736
2930
4606
2469
207
7263
8046
2980
9887
3264
2716
2784
9085
163
4259
6139
3264
8288
6197
4318
1970
6496
4914
5379
6903
2835
8732
7328
2863
8372
3933
8321
6861
5970
1242
4197
7563
7198
6492
2482
2860
4346
1610
187
810
6019
4101
2142
4741
152
7243
165
5621
673
7394
7080
750
4493
8884
5634
1706
594
2501
8288
7619
7411
5384
558
8070
4514
4574
4533
3916
4338
7072
5640
1980
7219
3505
6859
2456
253
1085
8516
1906
7320
9054
4493
7477
3452
6566
8045
7703
4885
5035
2117
1362
1574
8857
2723
9262
4089
3878
7022
8248
4060
4741
1060
5062
6591
9432
5985
750
8599
8045
7502
5665
3698
6380
5779
6013
4261
5175
8937
5140
8817
1053
1077
7054
5068
9794
9818
7485
5261
8986
1943
1070
3372
342
8593
2264
2419
8401
2424
8357
3140
8320
3189
1732
1393
1915
3896
6060
50
8706
7712
5380
6267
9116
8822
4706
8286
6774
1268
2873
3453
4924
6563
776
6829
5717
528
3076
9580
6034
9864
139
4480
3709
5756
2016
5113
8936
9581
1141
4572
6307
380
4900
8272
830
3655
9233
4554
4970
407
5084
79
5233
6133
9449
6968
7146
3165
817
6955
4915
1675
3819
6757
6310
7949
983
5337
7851
4174
5224
1799
6139
6755
5443
4628
9032
4312
2513
2201
4167
8314
6590
3287
8435
3692
1456
5777
7070
730
7103
8910
6038
6681
1067
7569
2635
5196
219
4807
2161
1030
653
3405
3244
9106
4558
1013
7599
307
2176
6930
4848
4770
3379
1182
4017
8317
4944
877
1963
5984
9591
122
2026
6376
6890
1479
9187
7376
9841
34
7938
1295
5930
5418
1451
3226
4435
7022
3961
1376
1814
5014
2706
7847
7340
8085
7384
3504
82
7713
4266
2477
5786
8690
2233
8907
8350
6503
8248
4564
2566
1998
7692
2953
6423
6496
129
8201
2475
4763
496
9477
787
8402
4119
4268
6783
7152
5334
2020
6198
8022
1157
6524
3059
9352
3445
7066
4747
7920
518
858
3685
7902
9576
679
1173
387
4046
1628
93
6578
619
7280
5806
220
6851
7432
9882
9829
1930
2633
1311
2255
2094
1984
2849
7287
1220
5682
588
3446
9270
9929
231
6229
8325
2205
6108
753
6147
54
2923
6217
8546
3420
3152
9679
8259
2600
1288
6720
9157
7853
62
4447
7040
1396
5501
3978
6307
8454
7971
4185
2720
6505
5409
2821
61
4176
9014
4976
6161
2959
8823
6165
9141
2204
4790
4855
3044
8941
5491
9809
7299
1908
6642
3353
1513
989
3474
5466
8247
7674
2839
3012
1765
2631
1159
6084
8155
6501
3320
6606
2961
8730
2203
7875
3134
2176
7074
4412
1366
2979
8441
4107
514
650
4997
154
7860
5696
290
7615
7529
2206
4384
5038
6887
2055
4254
5752
4243
7157
9750
3770
994
7171
422
5574
61
